t_h Ept_euler Ept_rk2 Ept_rk4
0.000000000000000000e+00 0.000000000000000000e+00 0.000000000000000000e+00 0.000000000000000000e+00
1.000000000000000000e+00 1.849344713389196926e+01 4.486557667644571978e+00 1.298814256082811980e-01
2.000000000000000000e+00 3.284107434789710567e+01 8.408081895857376864e+00 2.440444668136169115e-01
3.000000000000000000e+00 4.332821707218724328e+01 1.139448030433781511e+01 3.261289998851224503e-01
4.000000000000000000e+00 4.983500347338439695e+01 1.283505822333651736e+01 3.540938868708626841e-01
5.000000000000000000e+00 5.178586920613551570e+01 1.213828938433891125e+01 3.158184747767229239e-01
6.000000000000000000e+00 4.828143519665287897e+01 9.603378855200753961e+00 2.300547953394828371e-01
7.000000000000000000e+00 3.879818871208032505e+01 6.775257947624291788e+00 1.455888087729755032e-01
8.000000000000000000e+00 2.479171521721735161e+01 4.689318314413521982e+00 9.478093517819154157e-02
9.000000000000000000e+00 1.099111732899690708e+01 3.197699031386135093e+00 6.534742133765085448e-02
1.000000000000000000e+01 2.637866579337638573e+00 2.088072210810021367e+00 4.341383863164904183e-02
1.100000000000000000e+01 5.148848250438577134e-02 1.299478573044978491e+00 2.683404958211942082e-02
1.200000000000000000e+01 3.684638935581245334e-01 7.770296509550319586e-01 1.557300015233300736e-02
