t_h N_euler N_rk2 N_rk4
0.000000000000000000e+00 1.000000000000000000e+02 1.000000000000000000e+02 1.000000000000000000e+02
1.000000000000000000e+00 1.791999999999999886e+02 2.099954943999999841e+02 2.195740663689973360e+02
2.000000000000000000e+00 3.199909887999999683e+02 4.364064516466174268e+02 4.753055016858153294e+02
3.000000000000000000e+00 5.677922412069437996e+02 8.877350245957353536e+02 9.986283769652219462e+02
4.000000000000000000e+00 9.962349918385145884e+02 1.731023045389960771e+03 1.978884587596560323e+03
5.000000000000000000e+00 1.713824252592247376e+03 3.123141038695730003e+03 3.543383756686456763e+03
6.000000000000000000e+00 2.849908169164175433e+03 4.981230048532391265e+03 5.497739215250276175e+03
7.000000000000000000e+00 4.480076578682019317e+03 6.824209523108669600e+03 7.309512569020995215e+03
8.000000000000000000e+00 6.458450949559219225e+03 8.184728110915937577e+03 8.579280311985425215e+03
9.000000000000000000e+00 8.288284615777603904e+03 9.013988242674722642e+03 9.305664993148400754e+03
1.000000000000000000e+01 9.423259358628831251e+03 9.476471575191146258e+03 9.674365206564056280e+03
1.100000000000000000e+01 9.858041490333027468e+03 9.724931133978783691e+03 9.850324396038406121e+03
1.200000000000000000e+01 9.969996120589255952e+03 9.856209720440023375e+03 9.931848218430297493e+03
