t_ms a_euler_mm a_rk2_mm a_rk4_mm
0.000000000000e+00 1.050000000000e+00 1.050000000000e+00 1.050000000000e+00
5.000000000000e-02 1.050000000000e+00 1.049964000000e+00 1.049964004320e+00
1.000000000000e-01 1.049928000000e+00 1.049856025920e+00 1.049856069110e+00
1.500000000000e-01 1.049784000000e+00 1.049676233261e+00 1.049676349777e+00
2.000000000000e-01 1.049568103680e+00 1.049424880981e+00 1.049425105087e+00
2.500000000000e-01 1.049280518400e+00 1.049102331121e+00 1.049102696788e+00
3.000000000000e-01 1.048921555051e+00 1.048709048281e+00 1.048709589093e+00
3.500000000000e-01 1.048491627755e+00 1.048245598958e+00 1.048246348008e+00
4.000000000000e-01 1.047991253420e+00 1.047712650721e+00 1.047713640522e+00
4.500000000000e-01 1.047421051141e+00 1.047110971257e+00 1.047112233640e+00
5.000000000000e-01 1.046781741457e+00 1.046441427259e+00 1.046442993284e+00
5.500000000000e-01 1.046074145459e+00 1.045704983185e+00 1.045706883046e+00
6.000000000000e-01 1.045299183754e+00 1.044902699859e+00 1.044904962796e+00
6.500000000000e-01 1.044457875279e+00 1.044035732952e+00 1.044038387161e+00
7.000000000000e-01 1.043551335980e+00 1.043105331312e+00 1.043108403860e+00
7.500000000000e-01 1.042580777340e+00 1.042112835166e+00 1.042116351908e+00
8.000000000000e-01 1.041547504776e+00 1.041059674193e+00 1.041063659690e+00
8.500000000000e-01 1.040452915894e+00 1.039947365457e+00 1.039951842899e+00
9.000000000000e-01 1.039298498604e+00 1.038777511229e+00 1.038782502359e+00
9.500000000000e-01 1.038085829115e+00 1.037551796677e+00 1.037557321720e+00
1.000000000000e+00 1.036816569788e+00 1.036271987435e+00 1.036278065028e+00
1.050000000000e+00 1.035492466868e+00 1.034939927064e+00 1.034946574194e+00
1.100000000000e+00 1.034115348087e+00 1.033557534396e+00 1.033564766333e+00
1.150000000000e+00 1.032687120153e+00 1.032126800764e+00 1.032134631009e+00
1.200000000000e+00 1.031209766118e+00 1.030649787144e+00 1.030658227372e+00
1.250000000000e+00 1.029685342631e+00 1.029128621175e+00 1.029137681186e+00
1.300000000000e+00 1.028115977080e+00 1.027565494103e+00 1.027575181775e+00
1.350000000000e+00 1.026503864636e+00 1.025962657619e+00 1.025972978869e+00
1.400000000000e+00 1.024851265184e+00 1.024322420618e+00 1.024333379363e+00
1.450000000000e+00 1.023160500168e+00 1.022647145873e+00 1.022658743996e+00
1.500000000000e+00 1.021433949330e+00 1.020939246628e+00 1.020951483954e+00
1.550000000000e+00 1.019674047371e+00 1.019201183129e+00 1.019214057397e+00
1.600000000000e+00 1.017883280526e+00 1.017435459070e+00 1.017448965918e+00
1.650000000000e+00 1.016064183052e+00 1.015644617997e+00 1.015658750944e+00
1.700000000000e+00 1.014219333654e+00 1.013831239635e+00 1.013845990075e+00
1.750000000000e+00 1.012351351833e+00 1.011997936179e+00 1.012013293374e+00
1.800000000000e+00 1.010462894171e+00 1.010147348523e+00 1.010163299607e+00
1.850000000000e+00 1.008556650563e+00 1.008282142467e+00 1.008298672445e+00
1.900000000000e+00 1.006635340387e+00 1.006405004864e+00 1.006422096629e+00
1.950000000000e+00 1.004701708634e+00 1.004518639761e+00 1.004536274105e+00
2.000000000000e+00 1.002758521991e+00 1.002625764497e+00 1.002643920129e+00
2.050000000000e+00 1.000808564888e+00 1.000729105789e+00 1.000747759366e+00
2.100000000000e+00 9.988546355130e-01 9.988313958080e-01 9.988505219586e-01
2.150000000000e+00 9.968995418045e-01 9.969353682388e-01 9.969549396009e-01
2.200000000000e+00 9.949460974209e-01 9.950437543452e-01 9.950637416040e-01
2.250000000000e+00 9.929971176971e-01 9.931592790340e-01 9.931796509660e-01
2.300000000000e+00 9.910554155930e-01 9.912846569303e-01 9.913053804519e-01
2.350000000000e+00 9.891237976394e-01 9.894225884668e-01 9.894436286873e-01
2.400000000000e+00 9.872050598874e-01 9.875757559940e-01 9.875970762728e-01
2.450000000000e+00 9.853019838668e-01 9.857468199159e-01 9.857683819248e-01
2.500000000000e+00 9.834173325599e-01 9.839384148578e-01 9.839601786472e-01
2.550000000000e+00 9.815538463963e-01 9.821531458712e-01 9.821750699400e-01
2.600000000000e+00 9.797142392737e-01 9.803935846809e-01 9.804156260512e-01
2.650000000000e+00 9.779011946124e-01 9.786622659804e-01 9.786843802761e-01
2.700000000000e+00 9.761173614465e-01 9.769616837809e-01 9.769838253092e-01
2.750000000000e+00 9.743653505604e-01 9.752942878182e-01 9.753164096557e-01
2.800000000000e+00 9.726477306737e-01 9.736624800241e-01 9.736845341061e-01
2.850000000000e+00 9.709670246823e-01 9.720686110662e-01 9.720905482790e-01
2.900000000000e+00 9.693257059587e-01 9.705149769618e-01 9.705367472386e-01
2.950000000000e+00 9.677261947196e-01 9.690038157702e-01 9.690253681897e-01
3.000000000000e+00 9.661708544639e-01 9.675373043689e-01 9.675585872570e-01
3.050000000000e+00 9.646619884877e-01 9.661175553177e-01 9.661385163515e-01
3.100000000000e+00 9.632018364812e-01 9.647466138155e-01 9.647672001299e-01
3.150000000000e+00 9.617925712112e-01 9.634264547541e-01 9.634466130504e-01
3.200000000000e+00 9.604362952967e-01 9.621589798732e-01 9.621786565302e-01
3.250000000000e+00 9.591350380797e-01 9.609460150211e-01 9.609651562076e-01
3.300000000000e+00 9.578907525974e-01 9.597893075240e-01 9.598078593133e-01
3.350000000000e+00 9.567053126603e-01 9.586905236698e-01 9.587084321547e-01
3.400000000000e+00 9.555805100395e-01 9.576512463066e-01 9.576684577170e-01
3.450000000000e+00 9.545180517684e-01 9.566729725636e-01 9.566894333836e-01
3.500000000000e+00 9.535195575629e-01 9.557571116937e-01 9.557727687802e-01
3.550000000000e+00 9.525865573628e-01 9.549049830438e-01 9.549197837456e-01
3.600000000000e+00 9.517204889998e-01 9.541178141537e-01 9.541317064307e-01
3.650000000000e+00 9.509226959942e-01 9.533967389885e-01 9.534096715306e-01
3.700000000000e+00 9.501944254845e-01 9.527427963045e-01 9.527547186508e-01
3.750000000000e+00 9.495368262926e-01 9.521569281529e-01 9.521677908102e-01
3.800000000000e+00 9.489509471279e-01 9.516399785230e-01 9.516497330835e-01
3.850000000000e+00 9.484377349334e-01 9.511926921258e-01 9.512012913842e-01
3.900000000000e+00 9.479980333750e-01 9.508157133218e-01 9.508231113910e-01
3.950000000000e+00 9.476325814783e-01 9.505095851923e-01 9.505157376175e-01
4.000000000000e+00 9.473420124135e-01 9.502747487573e-01 9.502796126289e-01
4.050000000000e+00 9.471268524315e-01 9.501115423399e-01 9.501150764045e-01
4.100000000000e+00 9.469875199515e-01 9.500202010791e-01 9.500223658478e-01
4.150000000000e+00 9.469243248041e-01 9.500008565909e-01 9.500016144461e-01
4.200000000000e+00 9.469374676279e-01 9.500535367787e-01 9.500528520778e-01
4.250000000000e+00 9.470270394240e-01 9.501781657932e-01 9.501760049696e-01
4.300000000000e+00 9.471930212667e-01 9.503745641411e-01 9.503708958025e-01
4.350000000000e+00 9.474352841726e-01 9.506424489444e-01 9.506372439675e-01
4.400000000000e+00 9.477535891279e-01 9.509814343469e-01 9.509746659693e-01
4.450000000000e+00 9.481475872740e-01 9.513910320710e-01 9.513826759785e-01
4.500000000000e+00 9.486168202518e-01 9.518706521201e-01 9.518606865311e-01
4.550000000000e+00 9.491607207039e-01 9.524196036291e-01 9.524080093746e-01
4.600000000000e+00 9.497786129348e-01 9.530370958590e-01 9.530238564588e-01
4.650000000000e+00 9.504697137279e-01 9.537222393366e-01 9.537073410702e-01
4.700000000000e+00 9.512331333184e-01 9.544740471352e-01 9.544574791091e-01
4.750000000000e+00 9.520678765211e-01 9.552914362962e-01 9.552731905065e-01
4.800000000000e+00 9.529728440119e-01 9.561732293897e-01 9.561533007788e-01
4.850000000000e+00 9.539468337604e-01 9.571181562097e-01 9.570965427195e-01
4.900000000000e+00 9.549885426136e-01 9.581248556046e-01 9.581015582231e-01
4.950000000000e+00 9.560965680262e-01 9.591918774374e-01 9.591669002410e-01
5.000000000000e+00 9.572694099374e-01 9.603176846747e-01 9.602910348649e-01
5.050000000000e+00 9.585054727906e-01 9.615006556011e-01 9.614723435352e-01
5.100000000000e+00 9.598030676935e-01 9.627390861547e-01 9.627091253716e-01
5.150000000000e+00 9.611604147156e-01 9.640311923822e-01 9.639995996219e-01
5.200000000000e+00 9.625756453203e-01 9.653751130089e-01 9.653419082264e-01
5.250000000000e+00 9.640468049277e-01 9.667689121190e-01 9.667341184927e-01
5.300000000000e+00 9.655718556059e-01 9.682105819452e-01 9.681742258785e-01
5.350000000000e+00 9.671486788850e-01 9.696980457604e-01 9.696601568782e-01
5.400000000000e+00 9.687750786920e-01 9.712291608693e-01 9.711897720079e-01
5.450000000000e+00 9.704487844014e-01 9.728017216951e-01 9.727608688863e-01
5.500000000000e+00 9.721674539975e-01 9.744134629565e-01 9.743711854054e-01
5.550000000000e+00 9.739286773441e-01 9.760620629308e-01 9.760184029877e-01
5.600000000000e+00 9.757299795569e-01 9.777451467985e-01 9.777001499246e-01
5.650000000000e+00 9.775688244743e-01 9.794602900643e-01 9.794140047912e-01
5.700000000000e+00 9.794426182212e-01 9.812050220493e-01 9.811574999328e-01
5.750000000000e+00 9.813487128608e-01 9.829768294504e-01 9.829281250176e-01
5.800000000000e+00 9.832844101302e-01 9.847731599603e-01 9.847233306515e-01
5.850000000000e+00 9.852469652530e-01 9.865914259447e-01 9.865405320488e-01
5.900000000000e+00 9.872335908253e-01 9.884290081694e-01 9.883771127536e-01
5.950000000000e+00 9.892414607676e-01 9.902832595733e-01 9.902304284069e-01
6.000000000000e+00 9.912677143391e-01 9.921515090818e-01 9.920978105548e-01
6.050000000000e+00 9.933094602072e-01 9.940310654544e-01 9.939765704895e-01
6.100000000000e+00 9.953637805665e-01 9.959192211614e-01 9.958640031215e-01
6.150000000000e+00 9.974277353032e-01 9.978132562842e-01 9.977573908741e-01
6.200000000000e+00 9.994983661959e-01 9.997104424334e-01 9.996540075961e-01
6.250000000000e+00 1.001572701150e+00 1.001608046679e+00 1.001551122487e+00
6.300000000000e+00 1.003647758456e+00 1.003503335488e+00 1.003446004030e+00
6.350000000000e+00 1.005720551073e+00 1.005393578660e+00 1.005335923923e+00
6.400000000000e+00 1.007788090918e+00 1.007276053262e+00 1.007218161007e+00
6.450000000000e+00 1.009847393169e+00 1.009148047552e+00 1.009090005187e+00
6.500000000000e+00 1.011895480569e+00 1.011006864881e+00 1.010948761331e+00
6.550000000000e+00 1.013929387723e+00 1.012849827583e+00 1.012791753150e+00
6.600000000000e+00 1.015946165385e+00 1.014674280827e+00 1.014616327056e+00
6.650000000000e+00 1.017942884729e+00 1.016477596445e+00 1.016419855977e+00
6.700000000000e+00 1.019916641594e+00 1.018257176717e+00 1.018199743144e+00
6.750000000000e+00 1.021864560706e+00 1.020010458113e+00 1.019953425826e+00
6.800000000000e+00 1.023783799853e+00 1.021734914985e+00 1.021678379023e+00
6.850000000000e+00 1.025671554034e+00 1.023428063205e+00 1.023372119102e+00
6.900000000000e+00 1.027525059542e+00 1.025087463747e+00 1.025032207368e+00
6.950000000000e+00 1.029341598013e+00 1.026710726197e+00 1.026656253583e+00
7.000000000000e+00 1.031118500398e+00 1.028295512195e+00 1.028241919400e+00
7.050000000000e+00 1.032853150881e+00 1.029839538808e+00 1.029786921734e+00
7.100000000000e+00 1.034542990725e+00 1.031340581818e+00 1.031289036049e+00
7.150000000000e+00 1.036185522030e+00 1.032796478921e+00 1.032746099560e+00
7.200000000000e+00 1.037778311430e+00 1.034205132847e+00 1.034156014348e+00
7.250000000000e+00 1.039318993677e+00 1.035564514380e+00 1.035516750378e+00
7.300000000000e+00 1.040805275156e+00 1.036872665281e+00 1.036826348427e+00
7.350000000000e+00 1.042234937285e+00 1.038127701107e+00 1.038082922899e+00
7.400000000000e+00 1.043605839816e+00 1.039327813928e+00 1.039284664544e+00
7.450000000000e+00 1.044915924039e+00 1.040471274933e+00 1.040429843062e+00
7.500000000000e+00 1.046163215852e+00 1.041556436913e+00 1.041516809595e+00
7.550000000000e+00 1.047345828734e+00 1.042581736644e+00 1.042543999097e+00
7.600000000000e+00 1.048461966585e+00 1.043545697132e+00 1.043509932593e+00
7.650000000000e+00 1.049509926444e+00 1.044446929741e+00 1.044413219308e+00
7.700000000000e+00 1.050488101070e+00 1.045284136198e+00 1.045252558662e+00
7.750000000000e+00 1.051394981402e+00 1.046056110457e+00 1.046026742154e+00
7.800000000000e+00 1.052229158869e+00 1.046761740441e+00 1.046734655092e+00
7.850000000000e+00 1.052989327562e+00 1.047400009644e+00 1.047375278205e+00
7.900000000000e+00 1.053674286267e+00 1.047969998592e+00 1.047947689105e+00
7.950000000000e+00 1.054282940340e+00 1.048470886170e+00 1.048451063621e+00
8.000000000000e+00 1.054814303440e+00 1.048901950804e+00 1.048884676979e+00
8.050000000000e+00 1.055267499107e+00 1.049262571501e+00 1.049247904852e+00
8.100000000000e+00 1.055641762176e+00 1.049552228745e+00 1.049540224253e+00
8.150000000000e+00 1.055936440047e+00 1.049770505241e+00 1.049761214295e+00
8.200000000000e+00 1.056150993781e+00 1.049917086522e+00 1.049910556788e+00
8.250000000000e+00 1.056284999041e+00 1.049991761398e+00 1.049988036706e+00
8.300000000000e+00 1.056338146869e+00 1.049994422260e+00 1.049993542492e+00
8.350000000000e+00 1.056310244299e+00 1.049925065238e+00 1.049927066217e+00
8.400000000000e+00 1.056201214798e+00 1.049783790206e+00 1.049788703597e+00
8.450000000000e+00 1.056011098545e+00 1.049570800634e+00 1.049578653848e+00
8.500000000000e+00 1.055740052542e+00 1.049286403301e+00 1.049297219408e+00
8.550000000000e+00 1.055388350558e+00 1.048931007850e+00 1.048944805492e+00
8.600000000000e+00 1.054956382898e+00 1.048505126198e+00 1.048521919516e+00
8.650000000000e+00 1.054444656013e+00 1.048009371798e+00 1.048029170363e+00
8.700000000000e+00 1.053853791937e+00 1.047444458758e+00 1.047467267505e+00
8.750000000000e+00 1.053184527556e+00 1.046811200809e+00 1.046837019987e+00
8.800000000000e+00 1.052437713714e+00 1.046110510136e+00 1.046139335255e+00
8.850000000000e+00 1.051614314153e+00 1.045343396061e+00 1.045375217856e+00
8.900000000000e+00 1.050715404285e+00 1.044510963592e+00 1.044545767985e+00
8.950000000000e+00 1.049742169804e+00 1.043614411830e+00 1.043652179908e+00
9.000000000000e+00 1.048695905140e+00 1.042655032240e+00 1.042695740237e+00
9.050000000000e+00 1.047578011753e+00 1.041634206794e+00 1.041677826079e+00
9.100000000000e+00 1.046389996261e+00 1.040553405978e+00 1.040599903056e+00
9.150000000000e+00 1.045133468433e+00 1.039414186674e+00 1.039463523190e+00
9.200000000000e+00 1.043810139011e+00 1.038218189918e+00 1.038270322671e+00
9.250000000000e+00 1.042421817393e+00 1.036967138536e+00 1.037022019502e+00
9.300000000000e+00 1.040970409176e+00 1.035662834663e+00 1.035720411025e+00
9.350000000000e+00 1.039457913541e+00 1.034307157144e+00 1.034367371329e+00
9.400000000000e+00 1.037886420518e+00 1.032902058831e+00 1.032964848559e+00
9.450000000000e+00 1.036258108098e+00 1.031449563769e+00 1.031514862104e+00
9.500000000000e+00 1.034575239234e+00 1.029951764278e+00 1.030019499696e+00
9.550000000000e+00 1.032840158693e+00 1.028410817943e+00 1.028480914396e+00
9.600000000000e+00 1.031055289808e+00 1.026828944504e+00 1.026901321503e+00
9.650000000000e+00 1.029223131095e+00 1.025208422656e+00 1.025282995356e+00
9.700000000000e+00 1.027346252764e+00 1.023551586772e+00 1.023628266066e+00
9.750000000000e+00 1.025427293125e+00 1.021860823534e+00 1.021939516157e+00
9.800000000000e+00 1.023468954881e+00 1.020138568501e+00 1.020219177137e+00
9.850000000000e+00 1.021474001335e+00 1.018387302598e+00 1.018469725996e+00
9.900000000000e+00 1.019445252495e+00 1.016609548538e+00 1.016693681642e+00
9.950000000000e+00 1.017385581092e+00 1.014807867197e+00 1.014893601273e+00
1.000000000000e+01 1.015297908526e+00 1.012984853916e+00 1.013072076691e+00
1.005000000000e+01 1.013185200723e+00 1.011143134770e+00 1.011231730579e+00
1.010000000000e+01 1.011050463932e+00 1.009285362778e+00 1.009375212716e+00
1.015000000000e+01 1.008896740452e+00 1.007414214087e+00 1.007505196168e+00
1.020000000000e+01 1.006727104303e+00 1.005532384114e+00 1.005624373434e+00
1.025000000000e+01 1.004544656849e+00 1.003642583665e+00 1.003735452574e+00
1.030000000000e+01 1.002352522364e+00 1.001747535027e+00 1.001841153309e+00
1.035000000000e+01 1.000153843573e+00 9.998499680505e-01 9.999442031009e-01
1.040000000000e+01 9.979517771505e-01 9.979526162140e-01 9.980473332310e-01
1.045000000000e+01 9.957494891930e-01 9.960582126879e-01 9.961532748639e-01
1.050000000000e+01 9.935501506763e-01 9.941694863969e-01 9.942647551161e-01
1.055000000000e+01 9.913569328952e-01 9.922891580889e-01 9.923844931297e-01
1.060000000000e+01 9.891730028971e-01 9.904199364158e-01 9.905151961571e-01
1.065000000000e+01 9.870015189157e-01 9.885645140316e-01 9.886595556627e-01
1.070000000000e+01 9.848456258100e-01 9.867255637135e-01 9.868202434481e-01
1.075000000000e+01 9.827084505172e-01 9.849057345117e-01 9.849999078050e-01
1.080000000000e+01 9.805930975231e-01 9.831076479338e-01 9.832011697021e-01
1.085000000000e+01 9.785026443604e-01 9.813338941677e-01 9.814266190114e-01
1.090000000000e+01 9.764401371372e-01 9.795870283509e-01 9.796788107791e-01
1.095000000000e+01 9.744085861061e-01 9.778695668899e-01 9.779602615470e-01
1.100000000000e+01 9.724109612775e-01 9.761839838346e-01 9.762734457290e-01
1.105000000000e+01 9.704501880850e-01 9.745327073150e-01 9.746207920483e-01
1.110000000000e+01 9.685291431082e-01 9.729181160432e-01 9.730046800405e-01
1.115000000000e+01 9.666506498605e-01 9.713425358864e-01 9.714274366277e-01
1.120000000000e+01 9.648174746468e-01 9.698082365172e-01 9.698913327676e-01
1.125000000000e+01 9.630323224973e-01 9.683174281435e-01 9.683985801844e-01
1.130000000000e+01 9.612978331843e-01 9.668722583247e-01 9.669513281837e-01
1.135000000000e+01 9.596165773269e-01 9.654748088781e-01 9.655516605583e-01
1.140000000000e+01 9.579910525897e-01 9.641270928801e-01 9.642015925877e-01
1.145000000000e+01 9.564236799812e-01 9.628310517663e-01 9.629030681363e-01
1.150000000000e+01 9.549168002569e-01 9.615885525344e-01 9.616579568551e-01
1.155000000000e+01 9.534726704335e-01 9.604013850553e-01 9.604680514889e-01
1.160000000000e+01 9.520934604177e-01 9.592712594942e-01 9.593350652958e-01
1.165000000000e+01 9.507812497565e-01 9.581998038473e-01 9.582606295802e-01
1.170000000000e+01 9.495380245122e-01 9.571885615966e-01 9.572462913437e-01
1.175000000000e+01 9.483656742683e-01 9.562389894865e-01 9.562935110581e-01
1.180000000000e+01 9.472659892692e-01 9.553524554250e-01 9.554036605624e-01
1.185000000000e+01 9.462406576990e-01 9.545302365134e-01 9.545780210873e-01
1.190000000000e+01 9.452912631044e-01 9.537735172065e-01 9.538177814112e-01
1.195000000000e+01 9.444192819626e-01 9.530833876063e-01 9.531240361476e-01
1.200000000000e+01 9.436260814020e-01 9.524608418918e-01 9.524977841699e-01
1.205000000000e+01 9.429129170753e-01 9.519067768865e-01 9.519399271727e-01
1.210000000000e+01 9.422809311914e-01 9.514219907668e-01 9.514512683736e-01
1.215000000000e+01 9.417311507070e-01 9.510071819120e-01 9.510325113568e-01
1.220000000000e+01 9.412644856816e-01 9.506629478980e-01 9.506842590601e-01
1.225000000000e+01 9.408817277992e-01 9.503897846369e-01 9.504070129065e-01
1.230000000000e+01 9.405835490574e-01 9.501880856623e-01 9.502011720827e-01
1.235000000000e+01 9.403705006276e-01 9.500581415623e-01 9.500670329637e-01
1.240000000000e+01 9.402430118872e-01 9.500001395609e-01 9.500047886868e-01
1.245000000000e+01 9.402013896258e-01 9.500141632484e-01 9.500145288730e-01
1.250000000000e+01 9.402458174273e-01 9.501001924608e-01 9.500962394980e-01
1.255000000000e+01 9.403763552278e-01 9.502581033086e-01 9.502498029127e-01
1.260000000000e+01 9.405929390512e-01 9.504876683558e-01 9.504749980123e-01
1.265000000000e+01 9.408953809230e-01 9.507885569467e-01 9.507715005547e-01
1.270000000000e+01 9.412833689626e-01 9.511603356828e-01 9.511388836277e-01
1.275000000000e+01 9.417564676537e-01 9.516024690468e-01 9.515766182629e-01
1.280000000000e+01 9.423141182935e-01 9.521143201738e-01 9.520840741983e-01
1.285000000000e+01 9.429556396198e-01 9.526951517690e-01 9.526605207850e-01
1.290000000000e+01 9.436802286158e-01 9.533441271696e-01 9.533051280394e-01
1.295000000000e+01 9.444869614908e-01 9.540603115500e-01 9.540169678387e-01
1.300000000000e+01 9.453747948365e-01 9.548426732681e-01 9.547950152565e-01
1.305000000000e+01 9.463425669577e-01 9.556900853518e-01 9.556381500389e-01
1.310000000000e+01 9.473889993744e-01 9.566013271222e-01 9.565451582177e-01
1.315000000000e+01 9.485126984946e-01 9.575750859518e-01 9.575147338579e-01
1.320000000000e+01 9.497121574557e-01 9.586099591554e-01 9.585454809380e-01
1.325000000000e+01 9.509857581310e-01 9.597044560110e-01 9.596359153605e-01
1.330000000000e+01 9.523317732995e-01 9.608569999065e-01 9.607844670882e-01
1.335000000000e+01 9.537483689764e-01 9.620659306114e-01 9.619894824052e-01
1.340000000000e+01 9.552336068997e-01 9.633295066679e-01 9.632492262977e-01
1.345000000000e+01 9.567854471716e-01 9.646459078999e-01 9.645618849523e-01
1.350000000000e+01 9.584017510497e-01 9.660132380344e-01 9.659255683672e-01
1.355000000000e+01 9.600802838838e-01 9.674295274337e-01 9.673383130742e-01
1.360000000000e+01 9.618187181964e-01 9.688927359323e-01 9.687980849650e-01
1.365000000000e+01 9.636146369002e-01 9.704007557757e-01 9.703027822204e-01
1.370000000000e+01 9.654655366498e-01 9.719514146567e-01 9.718502383364e-01
1.375000000000e+01 9.673688313222e-01 9.735424788449e-01 9.734382252437e-01
1.380000000000e+01 9.693218556219e-01 9.751716564039e-01 9.750644565157e-01
1.385000000000e+01 9.713218688045e-01 9.768366004933e-01 9.767265906602e-01
1.390000000000e+01 9.733660585150e-01 9.785349127490e-01 9.784222344916e-01
1.395000000000e+01 9.754515447344e-01 9.802641467383e-01 9.801489465757e-01
1.400000000000e+01 9.775753838295e-01 9.820218114837e-01 9.819042407455e-01
1.405000000000e+01 9.797345727002e-01 9.838053750517e-01 9.836855896809e-01
1.410000000000e+01 9.819260530183e-01 9.856122681995e-01 9.854904285473e-01
1.415000000000e+01 9.841467155516e-01 9.874398880764e-01 9.873161586887e-01
1.420000000000e+01 9.863934045686e-01 9.892856019730e-01 9.891601513691e-01
1.425000000000e+01 9.886629223151e-01 9.911467511140e-01 9.910197515580e-01
1.430000000000e+01 9.909520335591e-01 9.930206544877e-01 9.928922817524e-01
1.435000000000e+01 9.932574701950e-01 9.949046127085e-01 9.947750458324e-01
1.440000000000e+01 9.955759359026e-01 9.967959119051e-01 9.966653329433e-01
1.445000000000e+01 9.979041108530e-01 9.986918276299e-01 9.985604213983e-01
1.450000000000e+01 1.000238656456e+00 1.000589628784e+00 1.000457582598e+00
1.455000000000e+01 1.002576220139e+00 1.002486581551e+00 1.002354084957e+00
1.460000000000e+01 1.004913440157e+00 1.004379953334e+00 1.004247197841e+00
1.465000000000e+01 1.007246950418e+00 1.006267016696e+00 1.006134195494e+00
1.470000000000e+01 1.009573385325e+00 1.008145053284e+00 1.008012360965e+00
1.475000000000e+01 1.011889384623e+00 1.010011357745e+00 1.009878990022e+00
1.480000000000e+01 1.014191598247e+00 1.011863241629e+00 1.011731395040e+00
1.485000000000e+01 1.016476691156e+00 1.013698037256e+00 1.013566908877e+00
1.490000000000e+01 1.018741348164e+00 1.015513101558e+00 1.015382888711e+00
1.495000000000e+01 1.020982278737e+00 1.017305819894e+00 1.017176719843e+00
1.500000000000e+01 1.023196221769e+00 1.019073609807e+00 1.018945819467e+00
1.505000000000e+01 1.025379950319e+00 1.020813924750e+00 1.020687640386e+00
1.510000000000e+01 1.027530276310e+00 1.022524257754e+00 1.022399674679e+00
1.515000000000e+01 1.029644055173e+00 1.024202145037e+00 1.024079457311e+00
1.520000000000e+01 1.031718190437e+00 1.025845169554e+00 1.025724569687e+00
1.525000000000e+01 1.033749638262e+00 1.027450964481e+00 1.027332643128e+00
1.530000000000e+01 1.035735411893e+00 1.029017216621e+00 1.028901362288e+00
1.535000000000e+01 1.037672586045e+00 1.030541669738e+00 1.030428468481e+00
1.540000000000e+01 1.039558301203e+00 1.032022127809e+00 1.031911762939e+00
1.545000000000e+01 1.041389767838e+00 1.033456458182e+00 1.033349109973e+00
1.550000000000e+01 1.043164270519e+00 1.034842594656e+00 1.034738440054e+00
1.555000000000e+01 1.044879171934e+00 1.036178540449e+00 1.036077752785e+00
1.560000000000e+01 1.046531916800e+00 1.037462371082e+00 1.037365119787e+00
1.565000000000e+01 1.048120035658e+00 1.038692237145e+00 1.038598687476e+00
1.570000000000e+01 1.049641148556e+00 1.039866366967e+00 1.039776679725e+00
1.575000000000e+01 1.051092968603e+00 1.040983069162e+00 1.040897400431e+00
1.580000000000e+01 1.052473305395e+00 1.042040735070e+00 1.041959235950e+00
1.585000000000e+01 1.053780068313e+00 1.043037841075e+00 1.042960657420e+00
1.590000000000e+01 1.055011269671e+00 1.043972950794e+00 1.043900222969e+00
1.595000000000e+01 1.056165027731e+00 1.044844717154e+00 1.044776579785e+00
1.600000000000e+01 1.057239569563e+00 1.045651884325e+00 1.045588466065e+00
