t_ms a_exato_mm
0.000000000000e+00 1.050000000000e+00
8.004002001000e-03 1.049999077481e+00
1.600800400200e-02 1.049996309956e+00
2.401200600300e-02 1.049991697529e+00
3.201600800400e-02 1.049985240370e+00
4.002001000500e-02 1.049976938716e+00
4.802401200600e-02 1.049966792874e+00
5.602801400700e-02 1.049954803219e+00
6.403201600800e-02 1.049940970192e+00
7.203601800900e-02 1.049925294305e+00
8.004002001001e-02 1.049907776136e+00
8.804402201101e-02 1.049888416330e+00
9.604802401201e-02 1.049867215604e+00
1.040520260130e-01 1.049844174738e+00
1.120560280140e-01 1.049819294584e+00
1.200600300150e-01 1.049792576059e+00
1.280640320160e-01 1.049764020149e+00
1.360680340170e-01 1.049733627908e+00
1.440720360180e-01 1.049701400457e+00
1.520760380190e-01 1.049667338986e+00
1.600800400200e-01 1.049631444752e+00
1.680840420210e-01 1.049593719079e+00
1.760880440220e-01 1.049554163359e+00
1.840920460230e-01 1.049512779051e+00
1.920960480240e-01 1.049469567684e+00
2.001000500250e-01 1.049424530851e+00
2.081040520260e-01 1.049377670214e+00
2.161080540270e-01 1.049328987503e+00
2.241120560280e-01 1.049278484514e+00
2.321160580290e-01 1.049226163110e+00
2.401200600300e-01 1.049172025223e+00
2.481240620310e-01 1.049116072850e+00
2.561280640320e-01 1.049058308055e+00
2.641320660330e-01 1.048998732971e+00
2.721360680340e-01 1.048937349795e+00
2.801400700350e-01 1.048874160793e+00
2.881440720360e-01 1.048809168297e+00
2.961480740370e-01 1.048742374704e+00
3.041520760380e-01 1.048673782480e+00
3.121560780390e-01 1.048603394155e+00
3.201600800400e-01 1.048531212327e+00
3.281640820410e-01 1.048457239659e+00
3.361680840420e-01 1.048381478882e+00
3.441720860430e-01 1.048303932791e+00
3.521760880440e-01 1.048224604247e+00
3.601800900450e-01 1.048143496177e+00
3.681840920460e-01 1.048060611575e+00
3.761880940470e-01 1.047975953499e+00
3.841920960480e-01 1.047889525073e+00
3.921960980490e-01 1.047801329486e+00
4.002001000500e-01 1.047711369993e+00
4.082041020510e-01 1.047619649913e+00
4.162081040520e-01 1.047526172631e+00
4.242121060530e-01 1.047430941596e+00
4.322161080540e-01 1.047333960323e+00
4.402201100550e-01 1.047235232390e+00
4.482241120560e-01 1.047134761440e+00
4.562281140570e-01 1.047032551180e+00
4.642321160580e-01 1.046928605383e+00
4.722361180590e-01 1.046822927884e+00
4.802401200600e-01 1.046715522582e+00
4.882441220610e-01 1.046606393441e+00
4.962481240620e-01 1.046495544488e+00
5.042521260630e-01 1.046382979813e+00
5.122561280640e-01 1.046268703570e+00
5.202601300650e-01 1.046152719976e+00
5.282641320660e-01 1.046035033311e+00
5.362681340670e-01 1.045915647917e+00
5.442721360680e-01 1.045794568200e+00
5.522761380690e-01 1.045671798628e+00
5.602801400700e-01 1.045547343730e+00
5.682841420710e-01 1.045421208101e+00
5.762881440720e-01 1.045293396393e+00
5.842921460730e-01 1.045163913324e+00
5.922961480740e-01 1.045032763671e+00
6.003001500750e-01 1.044899952275e+00
6.083041520760e-01 1.044765484035e+00
6.163081540770e-01 1.044629363914e+00
6.243121560780e-01 1.044491596935e+00
6.323161580790e-01 1.044352188181e+00
6.403201600800e-01 1.044211142797e+00
6.483241620810e-01 1.044068465987e+00
6.563281640820e-01 1.043924163017e+00
6.643321660830e-01 1.043778239210e+00
6.723361680840e-01 1.043630699953e+00
6.803401700850e-01 1.043481550689e+00
6.883441720860e-01 1.043330796922e+00
6.963481740870e-01 1.043178444215e+00
7.043521760880e-01 1.043024498189e+00
7.123561780890e-01 1.042868964526e+00
7.203601800900e-01 1.042711848965e+00
7.283641820910e-01 1.042553157304e+00
7.363681840920e-01 1.042392895398e+00
7.443721860930e-01 1.042231069161e+00
7.523761880940e-01 1.042067684565e+00
7.603801900950e-01 1.041902747638e+00
7.683841920960e-01 1.041736264467e+00
7.763881940970e-01 1.041568241196e+00
7.843921960980e-01 1.041398684025e+00
7.923961980990e-01 1.041227599209e+00
8.004002001001e-01 1.041054993063e+00
8.084042021011e-01 1.040880871956e+00
8.164082041021e-01 1.040705242313e+00
8.244122061031e-01 1.040528110615e+00
8.324162081041e-01 1.040349483398e+00
8.404202101051e-01 1.040169367254e+00
8.484242121061e-01 1.039987768829e+00
8.564282141071e-01 1.039804694824e+00
8.644322161081e-01 1.039620151995e+00
8.724362181091e-01 1.039434147151e+00
8.804402201101e-01 1.039246687157e+00
8.884442221111e-01 1.039057778929e+00
8.964482241121e-01 1.038867429439e+00
9.044522261131e-01 1.038675645711e+00
9.124562281141e-01 1.038482434821e+00
9.204602301151e-01 1.038287803899e+00
9.284642321161e-01 1.038091760128e+00
9.364682341171e-01 1.037894310741e+00
9.444722361181e-01 1.037695463024e+00
9.524762381191e-01 1.037495224316e+00
9.604802401201e-01 1.037293602004e+00
9.684842421211e-01 1.037090603530e+00
9.764882441221e-01 1.036886236383e+00
9.844922461231e-01 1.036680508106e+00
9.924962481241e-01 1.036473426289e+00
1.000500250125e+00 1.036264998575e+00
1.008504252126e+00 1.036055232654e+00
1.016508254127e+00 1.035844136266e+00
1.024512256128e+00 1.035631717203e+00
1.032516258129e+00 1.035417983301e+00
1.040520260130e+00 1.035202942448e+00
1.048524262131e+00 1.034986602579e+00
1.056528264132e+00 1.034768971677e+00
1.064532266133e+00 1.034550057773e+00
1.072536268134e+00 1.034329868945e+00
1.080540270135e+00 1.034108413318e+00
1.088544272136e+00 1.033885699064e+00
1.096548274137e+00 1.033661734402e+00
1.104552276138e+00 1.033436527595e+00
1.112556278139e+00 1.033210086954e+00
1.120560280140e+00 1.032982420836e+00
1.128564282141e+00 1.032753537640e+00
1.136568284142e+00 1.032523445813e+00
1.144572286143e+00 1.032292153846e+00
1.152576288144e+00 1.032059670273e+00
1.160580290145e+00 1.031826003674e+00
1.168584292146e+00 1.031591162670e+00
1.176588294147e+00 1.031355155928e+00
1.184592296148e+00 1.031117992156e+00
1.192596298149e+00 1.030879680106e+00
1.200600300150e+00 1.030640228571e+00
1.208604302151e+00 1.030399646389e+00
1.216608304152e+00 1.030157942435e+00
1.224612306153e+00 1.029915125631e+00
1.232616308154e+00 1.029671204934e+00
1.240620310155e+00 1.029426189348e+00
1.248624312156e+00 1.029180087912e+00
1.256628314157e+00 1.028932909708e+00
1.264632316158e+00 1.028684663857e+00
1.272636318159e+00 1.028435359520e+00
1.280640320160e+00 1.028185005895e+00
1.288644322161e+00 1.027933612223e+00
1.296648324162e+00 1.027681187778e+00
1.304652326163e+00 1.027427741875e+00
1.312656328164e+00 1.027173283868e+00
1.320660330165e+00 1.026917823146e+00
1.328664332166e+00 1.026661369134e+00
1.336668334167e+00 1.026403931298e+00
1.344672336168e+00 1.026145519136e+00
1.352676338169e+00 1.025886142184e+00
1.360680340170e+00 1.025625810013e+00
1.368684342171e+00 1.025364532230e+00
1.376688344172e+00 1.025102318476e+00
1.384692346173e+00 1.024839178426e+00
1.392696348174e+00 1.024575121792e+00
1.400700350175e+00 1.024310158317e+00
1.408704352176e+00 1.024044297778e+00
1.416708354177e+00 1.023777549985e+00
1.424712356178e+00 1.023509924783e+00
1.432716358179e+00 1.023241432046e+00
1.440720360180e+00 1.022972081682e+00
1.448724362181e+00 1.022701883630e+00
1.456728364182e+00 1.022430847861e+00
1.464732366183e+00 1.022158984377e+00
1.472736368184e+00 1.021886303208e+00
1.480740370185e+00 1.021612814418e+00
1.488744372186e+00 1.021338528099e+00
1.496748374187e+00 1.021063454371e+00
1.504752376188e+00 1.020787603385e+00
1.512756378189e+00 1.020510985320e+00
1.520760380190e+00 1.020233610384e+00
1.528764382191e+00 1.019955488813e+00
1.536768384192e+00 1.019676630868e+00
1.544772386193e+00 1.019397046840e+00
1.552776388194e+00 1.019116747046e+00
1.560780390195e+00 1.018835741829e+00
1.568784392196e+00 1.018554041558e+00
1.576788394197e+00 1.018271656630e+00
1.584792396198e+00 1.017988597462e+00
1.592796398199e+00 1.017704874502e+00
1.600800400200e+00 1.017420498217e+00
1.608804402201e+00 1.017135479103e+00
1.616808404202e+00 1.016849827677e+00
1.624812406203e+00 1.016563554478e+00
1.632816408204e+00 1.016276670072e+00
1.640820410205e+00 1.015989185044e+00
1.648824412206e+00 1.015701110002e+00
1.656828414207e+00 1.015412455577e+00
1.664832416208e+00 1.015123232421e+00
1.672836418209e+00 1.014833451205e+00
1.680840420210e+00 1.014543122624e+00
1.688844422211e+00 1.014252257390e+00
1.696848424212e+00 1.013960866237e+00
1.704852426213e+00 1.013668959917e+00
1.712856428214e+00 1.013376549201e+00
1.720860430215e+00 1.013083644881e+00
1.728864432216e+00 1.012790257764e+00
1.736868434217e+00 1.012496398676e+00
1.744872436218e+00 1.012202078462e+00
1.752876438219e+00 1.011907307981e+00
1.760880440220e+00 1.011612098112e+00
1.768884442221e+00 1.011316459747e+00
1.776888444222e+00 1.011020403796e+00
1.784892446223e+00 1.010723941183e+00
1.792896448224e+00 1.010427082848e+00
1.800900450225e+00 1.010129839747e+00
1.808904452226e+00 1.009832222846e+00
1.816908454227e+00 1.009534243128e+00
1.824912456228e+00 1.009235911590e+00
1.832916458229e+00 1.008937239239e+00
1.840920460230e+00 1.008638237097e+00
1.848924462231e+00 1.008338916197e+00
1.856928464232e+00 1.008039287585e+00
1.864932466233e+00 1.007739362317e+00
1.872936468234e+00 1.007439151461e+00
1.880940470235e+00 1.007138666094e+00
1.888944472236e+00 1.006837917304e+00
1.896948474237e+00 1.006536916190e+00
1.904952476238e+00 1.006235673859e+00
1.912956478239e+00 1.005934201427e+00
1.920960480240e+00 1.005632510018e+00
1.928964482241e+00 1.005330610765e+00
1.936968484242e+00 1.005028514808e+00
1.944972486243e+00 1.004726233295e+00
1.952976488244e+00 1.004423777381e+00
1.960980490245e+00 1.004121158226e+00
1.968984492246e+00 1.003818386996e+00
1.976988494247e+00 1.003515474866e+00
1.984992496248e+00 1.003212433011e+00
1.992996498249e+00 1.002909272615e+00
2.001000500250e+00 1.002606004865e+00
2.009004502251e+00 1.002302640952e+00
2.017008504252e+00 1.001999192069e+00
2.025012506253e+00 1.001695669414e+00
2.033016508254e+00 1.001392084187e+00
2.041020510255e+00 1.001088447592e+00
2.049024512256e+00 1.000784770832e+00
2.057028514257e+00 1.000481065114e+00
2.065032516258e+00 1.000177341644e+00
2.073036518259e+00 9.998736116295e-01
2.081040520260e+00 9.995698862791e-01
2.089044522261e+00 9.992661768003e-01
2.097048524262e+00 9.989624944001e-01
2.105052526263e+00 9.986588502846e-01
2.113056528264e+00 9.983552556586e-01
2.121060530265e+00 9.980517217250e-01
2.129064532266e+00 9.977482596844e-01
2.137068534267e+00 9.974448807347e-01
2.145072536268e+00 9.971415960709e-01
2.153076538269e+00 9.968384168845e-01
2.161080540270e+00 9.965353543629e-01
2.169084542271e+00 9.962324196894e-01
2.177088544272e+00 9.959296240426e-01
2.185092546273e+00 9.956269785959e-01
2.193096548274e+00 9.953244945170e-01
2.201100550275e+00 9.950221829679e-01
2.209104552276e+00 9.947200551041e-01
2.217108554277e+00 9.944181220744e-01
2.225112556278e+00 9.941163950204e-01
2.233116558279e+00 9.938148850759e-01
2.241120560280e+00 9.935136033671e-01
2.249124562281e+00 9.932125610112e-01
2.257128564282e+00 9.929117691172e-01
2.265132566283e+00 9.926112387844e-01
2.273136568284e+00 9.923109811027e-01
2.281140570285e+00 9.920110071517e-01
2.289144572286e+00 9.917113280008e-01
2.297148574287e+00 9.914119547083e-01
2.305152576288e+00 9.911128983214e-01
2.313156578289e+00 9.908141698754e-01
2.321160580290e+00 9.905157803938e-01
2.329164582291e+00 9.902177408872e-01
2.337168584292e+00 9.899200623536e-01
2.345172586293e+00 9.896227557775e-01
2.353176588294e+00 9.893258321298e-01
2.361180590295e+00 9.890293023672e-01
2.369184592296e+00 9.887331774319e-01
2.377188594297e+00 9.884374682511e-01
2.385192596298e+00 9.881421857368e-01
2.393196598299e+00 9.878473407850e-01
2.401200600300e+00 9.875529442758e-01
2.409204602301e+00 9.872590070726e-01
2.417208604302e+00 9.869655400220e-01
2.425212606303e+00 9.866725539531e-01
2.433216608304e+00 9.863800596774e-01
2.441220610305e+00 9.860880679880e-01
2.449224612306e+00 9.857965896597e-01
2.457228614307e+00 9.855056354484e-01
2.465232616308e+00 9.852152160904e-01
2.473236618309e+00 9.849253423024e-01
2.481240620310e+00 9.846360247810e-01
2.489244622311e+00 9.843472742022e-01
2.497248624312e+00 9.840591012212e-01
2.505252626313e+00 9.837715164718e-01
2.513256628314e+00 9.834845305661e-01
2.521260630315e+00 9.831981540940e-01
2.529264632316e+00 9.829123976231e-01
2.537268634317e+00 9.826272716981e-01
2.545272636318e+00 9.823427868402e-01
2.553276638319e+00 9.820589535473e-01
2.561280640320e+00 9.817757822929e-01
2.569284642321e+00 9.814932835263e-01
2.577288644322e+00 9.812114676720e-01
2.585292646323e+00 9.809303451291e-01
2.593296648324e+00 9.806499262714e-01
2.601300650325e+00 9.803702214464e-01
2.609304652326e+00 9.800912409755e-01
2.617308654327e+00 9.798129951533e-01
2.625312656328e+00 9.795354942474e-01
2.633316658329e+00 9.792587484976e-01
2.641320660330e+00 9.789827681161e-01
2.649324662331e+00 9.787075632868e-01
2.657328664332e+00 9.784331441650e-01
2.665332666333e+00 9.781595208770e-01
2.673336668334e+00 9.778867035197e-01
2.681340670335e+00 9.776147021602e-01
2.689344672336e+00 9.773435268356e-01
2.697348674337e+00 9.770731875525e-01
2.705352676338e+00 9.768036942866e-01
2.713356678339e+00 9.765350569825e-01
2.721360680340e+00 9.762672855530e-01
2.729364682341e+00 9.760003898792e-01
2.737368684342e+00 9.757343798096e-01
2.745372686343e+00 9.754692651603e-01
2.753376688344e+00 9.752050557142e-01
2.761380690345e+00 9.749417612209e-01
2.769384692346e+00 9.746793913961e-01
2.777388694347e+00 9.744179559214e-01
2.785392696348e+00 9.741574644441e-01
2.793396698349e+00 9.738979265764e-01
2.801400700350e+00 9.736393518955e-01
2.809404702351e+00 9.733817499431e-01
2.817408704352e+00 9.731251302249e-01
2.825412706353e+00 9.728695022102e-01
2.833416708354e+00 9.726148753320e-01
2.841420710355e+00 9.723612589862e-01
2.849424712356e+00 9.721086625315e-01
2.857428714357e+00 9.718570952889e-01
2.865432716358e+00 9.716065665413e-01
2.873436718359e+00 9.713570855335e-01
2.881440720360e+00 9.711086614715e-01
2.889444722361e+00 9.708613035224e-01
2.897448724362e+00 9.706150208139e-01
2.905452726363e+00 9.703698224340e-01
2.913456728364e+00 9.701257174307e-01
2.921460730365e+00 9.698827148117e-01
2.929464732366e+00 9.696408235440e-01
2.937468734367e+00 9.694000525534e-01
2.945472736368e+00 9.691604107248e-01
2.953476738369e+00 9.689219069010e-01
2.961480740370e+00 9.686845498830e-01
2.969484742371e+00 9.684483484295e-01
2.977488744372e+00 9.682133112565e-01
2.985492746373e+00 9.679794470370e-01
2.993496748374e+00 9.677467644009e-01
3.001500750375e+00 9.675152719342e-01
3.009504752376e+00 9.672849781793e-01
3.017508754377e+00 9.670558916342e-01
3.025512756378e+00 9.668280207523e-01
3.033516758379e+00 9.666013739422e-01
3.041520760380e+00 9.663759595675e-01
3.049524762381e+00 9.661517859460e-01
3.057528764382e+00 9.659288613499e-01
3.065532766383e+00 9.657071940054e-01
3.073536768384e+00 9.654867920921e-01
3.081540770385e+00 9.652676637430e-01
3.089544772386e+00 9.650498170441e-01
3.097548774387e+00 9.648332600343e-01
3.105552776388e+00 9.646180007044e-01
3.113556778389e+00 9.644040469979e-01
3.121560780390e+00 9.641914068098e-01
3.129564782391e+00 9.639800879866e-01
3.137568784392e+00 9.637700983262e-01
3.145572786393e+00 9.635614455773e-01
3.153576788394e+00 9.633541374395e-01
3.161580790395e+00 9.631481815625e-01
3.169584792396e+00 9.629435855463e-01
3.177588794397e+00 9.627403569407e-01
3.185592796398e+00 9.625385032448e-01
3.193596798399e+00 9.623380319073e-01
3.201600800400e+00 9.621389503258e-01
3.209604802401e+00 9.619412658465e-01
3.217608804402e+00 9.617449857640e-01
3.225612806403e+00 9.615501173214e-01
3.233616808404e+00 9.613566677094e-01
3.241620810405e+00 9.611646440664e-01
3.249624812406e+00 9.609740534782e-01
3.257628814407e+00 9.607849029778e-01
3.265632816408e+00 9.605971995451e-01
3.273636818409e+00 9.604109501063e-01
3.281640820410e+00 9.602261615343e-01
3.289644822411e+00 9.600428406479e-01
3.297648824412e+00 9.598609942117e-01
3.305652826413e+00 9.596806289361e-01
3.313656828414e+00 9.595017514767e-01
3.321660830415e+00 9.593243684342e-01
3.329664832416e+00 9.591484863541e-01
3.337668834417e+00 9.589741117266e-01
3.345672836418e+00 9.588012509864e-01
3.353676838419e+00 9.586299105121e-01
3.361680840420e+00 9.584600966262e-01
3.369684842421e+00 9.582918155951e-01
3.377688844422e+00 9.581250736285e-01
3.385692846423e+00 9.579598768793e-01
3.393696848424e+00 9.577962314433e-01
3.401700850425e+00 9.576341433592e-01
3.409704852426e+00 9.574736186082e-01
3.417708854427e+00 9.573146631137e-01
3.425712856428e+00 9.571572827414e-01
3.433716858429e+00 9.570014832988e-01
3.441720860430e+00 9.568472705348e-01
3.449724862431e+00 9.566946501401e-01
3.457728864432e+00 9.565436277466e-01
3.465732866433e+00 9.563942089270e-01
3.473736868434e+00 9.562463991950e-01
3.481740870435e+00 9.561002040050e-01
3.489744872436e+00 9.559556287515e-01
3.497748874437e+00 9.558126787697e-01
3.505752876438e+00 9.556713593344e-01
3.513756878439e+00 9.555316756604e-01
3.521760880440e+00 9.553936329022e-01
3.529764882441e+00 9.552572361537e-01
3.537768884442e+00 9.551224904479e-01
3.545772886443e+00 9.549894007572e-01
3.553776888444e+00 9.548579719927e-01
3.561780890445e+00 9.547282090041e-01
3.569784892446e+00 9.546001165798e-01
3.577788894447e+00 9.544736994465e-01
3.585792896448e+00 9.543489622692e-01
3.593796898449e+00 9.542259096506e-01
3.601800900450e+00 9.541045461317e-01
3.609804902451e+00 9.539848761907e-01
3.617808904452e+00 9.538669042435e-01
3.625812906453e+00 9.537506346436e-01
3.633816908454e+00 9.536360716811e-01
3.641820910455e+00 9.535232195837e-01
3.649824912456e+00 9.534120825157e-01
3.657828914457e+00 9.533026645781e-01
3.665832916458e+00 9.531949698085e-01
3.673836918459e+00 9.530890021810e-01
3.681840920460e+00 9.529847656057e-01
3.689844922461e+00 9.528822639292e-01
3.697848924462e+00 9.527815009339e-01
3.705852926463e+00 9.526824803378e-01
3.713856928464e+00 9.525852057951e-01
3.721860930465e+00 9.524896808952e-01
3.729864932466e+00 9.523959091631e-01
3.737868934467e+00 9.523038940589e-01
3.745872936468e+00 9.522136389782e-01
3.753876938469e+00 9.521251472513e-01
3.761880940470e+00 9.520384221438e-01
3.769884942471e+00 9.519534668559e-01
3.777888944472e+00 9.518702845224e-01
3.785892946473e+00 9.517888782128e-01
3.793896948474e+00 9.517092509312e-01
3.801900950475e+00 9.516314056158e-01
3.809904952476e+00 9.515553451392e-01
3.817908954477e+00 9.514810723080e-01
3.825912956478e+00 9.514085898630e-01
3.833916958479e+00 9.513379004789e-01
3.841920960480e+00 9.512690067641e-01
3.849924962481e+00 9.512019112609e-01
3.857928964482e+00 9.511366164451e-01
3.865932966483e+00 9.510731247262e-01
3.873936968484e+00 9.510114384471e-01
3.881940970485e+00 9.509515598840e-01
3.889944972486e+00 9.508934912465e-01
3.897948974487e+00 9.508372346774e-01
3.905952976488e+00 9.507827922527e-01
3.913956978489e+00 9.507301659811e-01
3.921960980490e+00 9.506793578048e-01
3.929964982491e+00 9.506303695986e-01
3.937968984492e+00 9.505832031702e-01
3.945972986493e+00 9.505378602600e-01
3.953976988494e+00 9.504943425413e-01
3.961980990495e+00 9.504526516198e-01
3.969984992496e+00 9.504127890341e-01
3.977988994497e+00 9.503747562550e-01
3.985992996498e+00 9.503385546860e-01
3.993996998499e+00 9.503041856631e-01
4.002001000500e+00 9.502716504543e-01
4.010005002501e+00 9.502409502604e-01
4.018009004502e+00 9.502120862141e-01
4.026013006503e+00 9.501850593805e-01
4.034017008504e+00 9.501598707571e-01
4.042021010505e+00 9.501365212732e-01
4.050025012506e+00 9.501150117904e-01
4.058029014507e+00 9.500953431026e-01
4.066033016508e+00 9.500775159354e-01
4.074037018509e+00 9.500615309467e-01
4.082041020510e+00 9.500473887264e-01
4.090045022511e+00 9.500350897964e-01
4.098049024512e+00 9.500246346104e-01
4.106053026513e+00 9.500160235542e-01
4.114057028514e+00 9.500092569458e-01
4.122061030515e+00 9.500043350346e-01
4.130065032516e+00 9.500012580023e-01
4.138069034517e+00 9.500000259626e-01
4.146073036518e+00 9.500006389608e-01
4.154077038519e+00 9.500030969743e-01
4.162081040520e+00 9.500073999125e-01
4.170085042521e+00 9.500135476165e-01
4.178089044522e+00 9.500215398595e-01
4.186093046523e+00 9.500313763466e-01
4.194097048524e+00 9.500430567148e-01
4.202101050525e+00 9.500565805331e-01
4.210105052526e+00 9.500719473024e-01
4.218109054527e+00 9.500891564557e-01
4.226113056528e+00 9.501082073579e-01
4.234117058529e+00 9.501290993062e-01
4.242121060530e+00 9.501518315295e-01
4.250125062531e+00 9.501764031890e-01
4.258129064532e+00 9.502028133780e-01
4.266133066533e+00 9.502310611219e-01
4.274137068534e+00 9.502611453784e-01
4.282141070535e+00 9.502930650373e-01
4.290145072536e+00 9.503268189209e-01
4.298149074537e+00 9.503624057834e-01
4.306153076538e+00 9.503998243119e-01
4.314157078539e+00 9.504390731254e-01
4.322161080540e+00 9.504801507756e-01
4.330165082541e+00 9.505230557469e-01
4.338169084542e+00 9.505677864559e-01
4.346173086543e+00 9.506143412520e-01
4.354177088544e+00 9.506627184174e-01
4.362181090545e+00 9.507129161668e-01
4.370185092546e+00 9.507649326480e-01
4.378189094547e+00 9.508187659416e-01
4.386193096548e+00 9.508744140609e-01
4.394197098549e+00 9.509318749525e-01
4.402201100550e+00 9.509911464962e-01
4.410205102551e+00 9.510522265047e-01
4.418209104552e+00 9.511151127241e-01
4.426213106553e+00 9.511798028340e-01
4.434217108554e+00 9.512462944470e-01
4.442221110555e+00 9.513145851098e-01
4.450225112556e+00 9.513846723022e-01
4.458229114557e+00 9.514565534381e-01
4.466233116558e+00 9.515302258650e-01
4.474237118559e+00 9.516056868642e-01
4.482241120560e+00 9.516829336512e-01
4.490245122561e+00 9.517619633756e-01
4.498249124562e+00 9.518427731210e-01
4.506253126563e+00 9.519253599057e-01
4.514257128564e+00 9.520097206819e-01
4.522261130565e+00 9.520958523368e-01
4.530265132566e+00 9.521837516920e-01
4.538269134567e+00 9.522734155040e-01
4.546273136568e+00 9.523648404641e-01
4.554277138569e+00 9.524580231987e-01
4.562281140570e+00 9.525529602692e-01
4.570285142571e+00 9.526496481724e-01
4.578289144572e+00 9.527480833404e-01
4.586293146573e+00 9.528482621410e-01
4.594297148574e+00 9.529501808773e-01
4.602301150575e+00 9.530538357886e-01
4.610305152576e+00 9.531592230498e-01
4.618309154577e+00 9.532663387722e-01
4.626313156578e+00 9.533751790031e-01
4.634317158579e+00 9.534857397261e-01
4.642321160580e+00 9.535980168616e-01
4.650325162581e+00 9.537120062663e-01
4.658329164582e+00 9.538277037340e-01
4.666333166583e+00 9.539451049954e-01
4.674337168584e+00 9.540642057182e-01
4.682341170585e+00 9.541850015076e-01
4.690345172586e+00 9.543074879061e-01
4.698349174587e+00 9.544316603939e-01
4.706353176588e+00 9.545575143888e-01
4.714357178589e+00 9.546850452469e-01
4.722361180590e+00 9.548142482620e-01
4.730365182591e+00 9.549451186665e-01
4.738369184592e+00 9.550776516312e-01
4.746373186593e+00 9.552118422655e-01
4.754377188594e+00 9.553476856177e-01
4.762381190595e+00 9.554851766751e-01
4.770385192596e+00 9.556243103640e-01
4.778389194597e+00 9.557650815505e-01
4.786393196598e+00 9.559074850398e-01
4.794397198599e+00 9.560515155773e-01
4.802401200600e+00 9.561971678481e-01
4.810405202601e+00 9.563444364774e-01
4.818409204602e+00 9.564933160310e-01
4.826413206603e+00 9.566438010151e-01
4.834417208604e+00 9.567958858767e-01
4.842421210605e+00 9.569495650037e-01
4.850425212606e+00 9.571048327253e-01
4.858429214607e+00 9.572616833119e-01
4.866433216608e+00 9.574201109757e-01
4.874437218609e+00 9.575801098705e-01
4.882441220610e+00 9.577416740923e-01
4.890445222611e+00 9.579047976792e-01
4.898449224612e+00 9.580694746118e-01
4.906453226613e+00 9.582356988134e-01
4.914457228614e+00 9.584034641502e-01
4.922461230615e+00 9.585727644316e-01
4.930465232616e+00 9.587435934102e-01
4.938469234617e+00 9.589159447823e-01
4.946473236618e+00 9.590898121880e-01
4.954477238619e+00 9.592651892115e-01
4.962481240620e+00 9.594420693812e-01
4.970485242621e+00 9.596204461701e-01
4.978489244622e+00 9.598003129960e-01
4.986493246623e+00 9.599816632216e-01
4.994497248624e+00 9.601644901550e-01
5.002501250625e+00 9.603487870497e-01
5.010505252626e+00 9.605345471050e-01
5.018509254627e+00 9.607217634662e-01
5.026513256628e+00 9.609104292249e-01
5.034517258629e+00 9.611005374192e-01
5.042521260630e+00 9.612920810339e-01
5.050525262631e+00 9.614850530010e-01
5.058529264632e+00 9.616794461996e-01
5.066533266633e+00 9.618752534564e-01
5.074537268634e+00 9.620724675461e-01
5.082541270635e+00 9.622710811912e-01
5.090545272636e+00 9.624710870628e-01
5.098549274637e+00 9.626724777805e-01
5.106553276638e+00 9.628752459128e-01
5.114557278639e+00 9.630793839774e-01
5.122561280640e+00 9.632848844415e-01
5.130565282641e+00 9.634917397219e-01
5.138569284642e+00 9.636999421855e-01
5.146573286643e+00 9.639094841495e-01
5.154577288644e+00 9.641203578816e-01
5.162581290645e+00 9.643325556005e-01
5.170585292646e+00 9.645460694758e-01
5.178589294647e+00 9.647608916287e-01
5.186593296648e+00 9.649770141321e-01
5.194597298649e+00 9.651944290110e-01
5.202601300650e+00 9.654131282426e-01
5.210605302651e+00 9.656331037566e-01
5.218609304652e+00 9.658543474358e-01
5.226613306653e+00 9.660768511162e-01
5.234617308654e+00 9.663006065872e-01
5.242621310655e+00 9.665256055920e-01
5.250625312656e+00 9.667518398280e-01
5.258629314657e+00 9.669793009470e-01
5.266633316658e+00 9.672079805555e-01
5.274637318659e+00 9.674378702150e-01
5.282641320660e+00 9.676689614425e-01
5.290645322661e+00 9.679012457104e-01
5.298649324662e+00 9.681347144474e-01
5.306653326663e+00 9.683693590382e-01
5.314657328664e+00 9.686051708242e-01
5.322661330665e+00 9.688421411039e-01
5.330665332666e+00 9.690802611328e-01
5.338669334667e+00 9.693195221242e-01
5.346673336668e+00 9.695599152491e-01
5.354677338669e+00 9.698014316367e-01
5.362681340670e+00 9.700440623751e-01
5.370685342671e+00 9.702877985108e-01
5.378689344672e+00 9.705326310499e-01
5.386693346673e+00 9.707785509579e-01
5.394697348674e+00 9.710255491601e-01
5.402701350675e+00 9.712736165420e-01
5.410705352676e+00 9.715227439499e-01
5.418709354677e+00 9.717729221907e-01
5.426713356678e+00 9.720241420326e-01
5.434717358679e+00 9.722763942054e-01
5.442721360680e+00 9.725296694009e-01
5.450725362681e+00 9.727839582729e-01
5.458729364682e+00 9.730392514380e-01
5.466733366683e+00 9.732955394758e-01
5.474737368684e+00 9.735528129289e-01
5.482741370685e+00 9.738110623039e-01
5.490745372686e+00 9.740702780710e-01
5.498749374687e+00 9.743304506650e-01
5.506753376688e+00 9.745915704853e-01
5.514757378689e+00 9.748536278965e-01
5.522761380690e+00 9.751166132284e-01
5.530765382691e+00 9.753805167766e-01
5.538769384692e+00 9.756453288029e-01
5.546773386693e+00 9.759110395356e-01
5.554777388694e+00 9.761776391696e-01
5.562781390695e+00 9.764451178673e-01
5.570785392696e+00 9.767134657584e-01
5.578789394697e+00 9.769826729408e-01
5.586793396698e+00 9.772527294805e-01
5.594797398699e+00 9.775236254121e-01
5.602801400700e+00 9.777953507395e-01
5.610805402701e+00 9.780678954357e-01
5.618809404702e+00 9.783412494436e-01
5.626813406703e+00 9.786154026763e-01
5.634817408704e+00 9.788903450172e-01
5.642821410705e+00 9.791660663209e-01
5.650825412706e+00 9.794425564129e-01
5.658829414707e+00 9.797198050906e-01
5.666833416708e+00 9.799978021233e-01
5.674837418709e+00 9.802765372526e-01
5.682841420710e+00 9.805560001930e-01
5.690845422711e+00 9.808361806322e-01
5.698849424712e+00 9.811170682312e-01
5.706853426713e+00 9.813986526251e-01
5.714857428714e+00 9.816809234232e-01
5.722861430715e+00 9.819638702095e-01
5.730865432716e+00 9.822474825430e-01
5.738869434717e+00 9.825317499582e-01
5.746873436718e+00 9.828166619655e-01
5.754877438719e+00 9.831022080512e-01
5.762881440720e+00 9.833883776787e-01
5.770885442721e+00 9.836751602879e-01
5.778889444722e+00 9.839625452964e-01
5.786893446723e+00 9.842505220995e-01
5.794897448724e+00 9.845390800706e-01
5.802901450725e+00 9.848282085617e-01
5.810905452726e+00 9.851178969036e-01
5.818909454727e+00 9.854081344068e-01
5.826913456728e+00 9.856989103611e-01
5.834917458729e+00 9.859902140368e-01
5.842921460730e+00 9.862820346845e-01
5.850925462731e+00 9.865743615358e-01
5.858929464732e+00 9.868671838036e-01
5.866933466733e+00 9.871604906825e-01
5.874937468734e+00 9.874542713493e-01
5.882941470735e+00 9.877485149633e-01
5.890945472736e+00 9.880432106666e-01
5.898949474737e+00 9.883383475847e-01
5.906953476738e+00 9.886339148269e-01
5.914957478739e+00 9.889299014864e-01
5.922961480740e+00 9.892262966412e-01
5.930965482741e+00 9.895230893541e-01
5.938969484742e+00 9.898202686731e-01
5.946973486743e+00 9.901178236321e-01
5.954977488744e+00 9.904157432511e-01
5.962981490745e+00 9.907140165367e-01
5.970985492746e+00 9.910126324822e-01
5.978989494747e+00 9.913115800687e-01
5.986993496748e+00 9.916108482645e-01
5.994997498749e+00 9.919104260266e-01
6.003001500750e+00 9.922103023003e-01
6.011005502751e+00 9.925104660199e-01
6.019009504752e+00 9.928109061091e-01
6.027013506753e+00 9.931116114815e-01
6.035017508754e+00 9.934125710408e-01
6.043021510755e+00 9.937137736813e-01
6.051025512756e+00 9.940152082884e-01
6.059029514757e+00 9.943168637391e-01
6.067033516758e+00 9.946187289019e-01
6.075037518759e+00 9.949207926378e-01
6.083041520760e+00 9.952230438003e-01
6.091045522761e+00 9.955254712363e-01
6.099049524762e+00 9.958280637859e-01
6.107053526763e+00 9.961308102832e-01
6.115057528764e+00 9.964336995566e-01
6.123061530765e+00 9.967367204292e-01
6.131065532766e+00 9.970398617194e-01
6.139069534767e+00 9.973431122410e-01
6.147073536768e+00 9.976464608039e-01
6.155077538769e+00 9.979498962141e-01
6.163081540770e+00 9.982534072748e-01
6.171085542771e+00 9.985569827861e-01
6.179089544772e+00 9.988606115459e-01
6.187093546773e+00 9.991642823500e-01
6.195097548774e+00 9.994679839927e-01
6.203101550775e+00 9.997717052673e-01
6.211105552776e+00 1.000075434966e+00
6.219109554777e+00 1.000379161881e+00
6.227113556778e+00 1.000682874805e+00
6.235117558779e+00 1.000986562530e+00
6.243121560780e+00 1.001290213851e+00
6.251125562781e+00 1.001593817561e+00
6.259129564782e+00 1.001897362458e+00
6.267133566783e+00 1.002200837341e+00
6.275137568784e+00 1.002504231012e+00
6.283141570785e+00 1.002807532274e+00
6.291145572786e+00 1.003110729937e+00
6.299149574787e+00 1.003413812810e+00
6.307153576788e+00 1.003716769712e+00
6.315157578789e+00 1.004019589462e+00
6.323161580790e+00 1.004322260886e+00
6.331165582791e+00 1.004624772815e+00
6.339169584792e+00 1.004927114086e+00
6.347173586793e+00 1.005229273544e+00
6.355177588794e+00 1.005531240036e+00
6.363181590795e+00 1.005833002422e+00
6.371185592796e+00 1.006134549566e+00
6.379189594797e+00 1.006435870339e+00
6.387193596798e+00 1.006736953624e+00
6.395197598799e+00 1.007037788311e+00
6.403201600800e+00 1.007338363297e+00
6.411205602801e+00 1.007638667492e+00
6.419209604802e+00 1.007938689815e+00
6.427213606803e+00 1.008238419193e+00
6.435217608804e+00 1.008537844568e+00
6.443221610805e+00 1.008836954889e+00
6.451225612806e+00 1.009135739120e+00
6.459229614807e+00 1.009434186235e+00
6.467233616808e+00 1.009732285221e+00
6.475237618809e+00 1.010030025078e+00
6.483241620810e+00 1.010327394820e+00
6.491245622811e+00 1.010624383472e+00
6.499249624812e+00 1.010920980077e+00
6.507253626813e+00 1.011217173689e+00
6.515257628814e+00 1.011512953378e+00
6.523261630815e+00 1.011808308231e+00
6.531265632816e+00 1.012103227348e+00
6.539269634817e+00 1.012397699846e+00
6.547273636818e+00 1.012691714859e+00
6.555277638819e+00 1.012985261539e+00
6.563281640820e+00 1.013278329052e+00
6.571285642821e+00 1.013570906584e+00
6.579289644822e+00 1.013862983340e+00
6.587293646823e+00 1.014154548540e+00
6.595297648824e+00 1.014445591427e+00
6.603301650825e+00 1.014736101260e+00
6.611305652826e+00 1.015026067319e+00
6.619309654827e+00 1.015315478905e+00
6.627313656828e+00 1.015604325338e+00
6.635317658829e+00 1.015892595959e+00
6.643321660830e+00 1.016180280131e+00
6.651325662831e+00 1.016467367238e+00
6.659329664832e+00 1.016753846687e+00
6.667333666833e+00 1.017039707905e+00
6.675337668834e+00 1.017324940345e+00
6.683341670835e+00 1.017609533481e+00
6.691345672836e+00 1.017893476811e+00
6.699349674837e+00 1.018176759859e+00
6.707353676838e+00 1.018459372170e+00
6.715357678839e+00 1.018741303315e+00
6.723361680840e+00 1.019022542892e+00
6.731365682841e+00 1.019303080522e+00
6.739369684842e+00 1.019582905854e+00
6.747373686843e+00 1.019862008561e+00
6.755377688844e+00 1.020140378345e+00
6.763381690845e+00 1.020418004933e+00
6.771385692846e+00 1.020694878080e+00
6.779389694847e+00 1.020970987571e+00
6.787393696848e+00 1.021246323216e+00
6.795397698849e+00 1.021520874854e+00
6.803401700850e+00 1.021794632356e+00
6.811405702851e+00 1.022067585619e+00
6.819409704852e+00 1.022339724571e+00
6.827413706853e+00 1.022611039170e+00
6.835417708854e+00 1.022881519404e+00
6.843421710855e+00 1.023151155292e+00
6.851425712856e+00 1.023419936884e+00
6.859429714857e+00 1.023687854262e+00
6.867433716858e+00 1.023954897540e+00
6.875437718859e+00 1.024221056864e+00
6.883441720860e+00 1.024486322412e+00
6.891445722861e+00 1.024750684395e+00
6.899449724862e+00 1.025014133059e+00
6.907453726863e+00 1.025276658682e+00
6.915457728864e+00 1.025538251577e+00
6.923461730865e+00 1.025798902090e+00
6.931465732866e+00 1.026058600604e+00
6.939469734867e+00 1.026317337535e+00
6.947473736868e+00 1.026575103336e+00
6.955477738869e+00 1.026831888495e+00
6.963481740870e+00 1.027087683536e+00
6.971485742871e+00 1.027342479021e+00
6.979489744872e+00 1.027596265547e+00
6.987493746873e+00 1.027849033749e+00
6.995497748874e+00 1.028100774300e+00
7.003501750875e+00 1.028351477911e+00
7.011505752876e+00 1.028601135330e+00
7.019509754877e+00 1.028849737346e+00
7.027513756878e+00 1.029097274783e+00
7.035517758879e+00 1.029343738508e+00
7.043521760880e+00 1.029589119426e+00
7.051525762881e+00 1.029833408483e+00
7.059529764882e+00 1.030076596664e+00
7.067533766883e+00 1.030318674995e+00
7.075537768884e+00 1.030559634544e+00
7.083541770885e+00 1.030799466418e+00
7.091545772886e+00 1.031038161768e+00
7.099549774887e+00 1.031275711785e+00
7.107553776888e+00 1.031512107705e+00
7.115557778889e+00 1.031747340803e+00
7.123561780890e+00 1.031981402399e+00
7.131565782891e+00 1.032214283857e+00
7.139569784892e+00 1.032445976583e+00
7.147573786893e+00 1.032676472027e+00
7.155577788894e+00 1.032905761683e+00
7.163581790895e+00 1.033133837092e+00
7.171585792896e+00 1.033360689836e+00
7.179589794897e+00 1.033586311545e+00
7.187593796898e+00 1.033810693892e+00
7.195597798899e+00 1.034033828599e+00
7.203601800900e+00 1.034255707431e+00
7.211605802901e+00 1.034476322201e+00
7.219609804902e+00 1.034695664768e+00
7.227613806903e+00 1.034913727037e+00
7.235617808904e+00 1.035130500963e+00
7.243621810905e+00 1.035345978546e+00
7.251625812906e+00 1.035560151835e+00
7.259629814907e+00 1.035773012927e+00
7.267633816908e+00 1.035984553966e+00
7.275637818909e+00 1.036194767148e+00
7.283641820910e+00 1.036403644714e+00
7.291645822911e+00 1.036611178958e+00
7.299649824912e+00 1.036817362221e+00
7.307653826913e+00 1.037022186894e+00
7.315657828914e+00 1.037225645420e+00
7.323661830915e+00 1.037427730291e+00
7.331665832916e+00 1.037628434049e+00
7.339669834917e+00 1.037827749289e+00
7.347673836918e+00 1.038025668655e+00
7.355677838919e+00 1.038222184845e+00
7.363681840920e+00 1.038417290606e+00
7.371685842921e+00 1.038610978739e+00
7.379689844922e+00 1.038803242097e+00
7.387693846923e+00 1.038994073586e+00
7.395697848924e+00 1.039183466162e+00
7.403701850925e+00 1.039371412839e+00
7.411705852926e+00 1.039557906679e+00
7.419709854927e+00 1.039742940802e+00
7.427713856928e+00 1.039926508380e+00
7.435717858929e+00 1.040108602638e+00
7.443721860930e+00 1.040289216857e+00
7.451725862931e+00 1.040468344374e+00
7.459729864932e+00 1.040645978576e+00
7.467733866933e+00 1.040822112911e+00
7.475737868934e+00 1.040996740878e+00
7.483741870935e+00 1.041169856033e+00
7.491745872936e+00 1.041341451988e+00
7.499749874937e+00 1.041511522412e+00
7.507753876938e+00 1.041680061028e+00
7.515757878939e+00 1.041847061618e+00
7.523761880940e+00 1.042012518018e+00
7.531765882941e+00 1.042176424124e+00
7.539769884942e+00 1.042338773887e+00
7.547773886943e+00 1.042499561316e+00
7.555777888944e+00 1.042658780478e+00
7.563781890945e+00 1.042816425498e+00
7.571785892946e+00 1.042972490559e+00
7.579789894947e+00 1.043126969901e+00
7.587793896948e+00 1.043279857825e+00
7.595797898949e+00 1.043431148688e+00
7.603801900950e+00 1.043580836908e+00
7.611805902951e+00 1.043728916961e+00
7.619809904952e+00 1.043875383383e+00
7.627813906953e+00 1.044020230770e+00
7.635817908954e+00 1.044163453775e+00
7.643821910955e+00 1.044305047115e+00
7.651825912956e+00 1.044445005564e+00
7.659829914957e+00 1.044583323958e+00
7.667833916958e+00 1.044719997192e+00
7.675837918959e+00 1.044855020224e+00
7.683841920960e+00 1.044988388070e+00
7.691845922961e+00 1.045120095810e+00
7.699849924962e+00 1.045250138584e+00
7.707853926963e+00 1.045378511592e+00
7.715857928964e+00 1.045505210097e+00
7.723861930965e+00 1.045630229425e+00
7.731865932966e+00 1.045753564962e+00
7.739869934967e+00 1.045875212157e+00
7.747873936968e+00 1.045995166521e+00
7.755877938969e+00 1.046113423627e+00
7.763881940970e+00 1.046229979113e+00
7.771885942971e+00 1.046344828676e+00
7.779889944972e+00 1.046457968078e+00
7.787893946973e+00 1.046569393146e+00
7.795897948974e+00 1.046679099766e+00
7.803901950975e+00 1.046787083892e+00
7.811905952976e+00 1.046893341538e+00
7.819909954977e+00 1.046997868783e+00
7.827913956978e+00 1.047100661770e+00
7.835917958979e+00 1.047201716706e+00
7.843921960980e+00 1.047301029862e+00
7.851925962981e+00 1.047398597573e+00
7.859929964982e+00 1.047494416239e+00
7.867933966983e+00 1.047588482324e+00
7.875937968984e+00 1.047680792357e+00
7.883941970985e+00 1.047771342931e+00
7.891945972986e+00 1.047860130706e+00
7.899949974987e+00 1.047947152405e+00
7.907953976988e+00 1.048032404817e+00
7.915957978989e+00 1.048115884795e+00
7.923961980990e+00 1.048197589260e+00
7.931965982991e+00 1.048277515197e+00
7.939969984992e+00 1.048355659655e+00
7.947973986993e+00 1.048432019752e+00
7.955977988994e+00 1.048506592670e+00
7.963981990995e+00 1.048579375657e+00
7.971985992996e+00 1.048650366027e+00
7.979989994997e+00 1.048719561160e+00
7.987993996999e+00 1.048786958504e+00
7.995997999000e+00 1.048852555572e+00
8.004002001000e+00 1.048916349941e+00
8.012006003002e+00 1.048978339260e+00
8.020010005003e+00 1.049038521240e+00
8.028014007004e+00 1.049096893660e+00
8.036018009005e+00 1.049153454366e+00
8.044022011006e+00 1.049208201272e+00
8.052026013007e+00 1.049261132357e+00
8.060030015008e+00 1.049312245668e+00
8.068034017009e+00 1.049361539318e+00
8.076038019010e+00 1.049409011489e+00
8.084042021011e+00 1.049454660430e+00
8.092046023012e+00 1.049498484455e+00
8.100050025013e+00 1.049540481947e+00
8.108054027014e+00 1.049580651357e+00
8.116058029015e+00 1.049618991202e+00
8.124062031016e+00 1.049655500068e+00
8.132066033017e+00 1.049690176607e+00
8.140070035018e+00 1.049723019540e+00
8.148074037019e+00 1.049754027655e+00
8.156078039020e+00 1.049783199808e+00
8.164082041021e+00 1.049810534922e+00
8.172086043022e+00 1.049836031988e+00
8.180090045023e+00 1.049859690066e+00
8.188094047024e+00 1.049881508283e+00
8.196098049025e+00 1.049901485833e+00
8.204102051026e+00 1.049919621980e+00
8.212106053027e+00 1.049935916053e+00
8.220110055028e+00 1.049950367453e+00
8.228114057029e+00 1.049962975645e+00
8.236118059030e+00 1.049973740164e+00
8.244122061031e+00 1.049982660613e+00
8.252126063032e+00 1.049989736664e+00
8.260130065033e+00 1.049994968054e+00
8.268134067034e+00 1.049998354591e+00
8.276138069035e+00 1.049999896150e+00
8.284142071036e+00 1.049999592673e+00
8.292146073037e+00 1.049997444173e+00
8.300150075038e+00 1.049993450728e+00
8.308154077039e+00 1.049987612486e+00
8.316158079040e+00 1.049979929662e+00
8.324162081041e+00 1.049970402540e+00
8.332166083042e+00 1.049959031471e+00
8.340170085043e+00 1.049945816875e+00
8.348174087044e+00 1.049930759240e+00
8.356178089045e+00 1.049913859120e+00
8.364182091046e+00 1.049895117141e+00
8.372186093047e+00 1.049874533993e+00
8.380190095048e+00 1.049852110435e+00
8.388194097049e+00 1.049827847296e+00
8.396198099050e+00 1.049801745471e+00
8.404202101051e+00 1.049773805922e+00
8.412206103052e+00 1.049744029681e+00
8.420210105053e+00 1.049712417847e+00
8.428214107054e+00 1.049678971586e+00
8.436218109055e+00 1.049643692132e+00
8.444222111056e+00 1.049606580788e+00
8.452226113057e+00 1.049567638922e+00
8.460230115058e+00 1.049526867971e+00
8.468234117059e+00 1.049484269441e+00
8.476238119060e+00 1.049439844902e+00
8.484242121061e+00 1.049393595995e+00
8.492246123062e+00 1.049345524425e+00
8.500250125063e+00 1.049295631968e+00
8.508254127064e+00 1.049243920463e+00
8.516258129065e+00 1.049190391819e+00
8.524262131066e+00 1.049135048011e+00
8.532266133067e+00 1.049077891082e+00
8.540270135068e+00 1.049018923141e+00
8.548274137069e+00 1.048958146363e+00
8.556278139070e+00 1.048895562991e+00
8.564282141071e+00 1.048831175335e+00
8.572286143072e+00 1.048764985771e+00
8.580290145073e+00 1.048696996741e+00
8.588294147074e+00 1.048627210754e+00
8.596298149075e+00 1.048555630384e+00
8.604302151076e+00 1.048482258275e+00
8.612306153077e+00 1.048407097132e+00
8.620310155078e+00 1.048330149729e+00
8.628314157079e+00 1.048251418907e+00
8.636318159080e+00 1.048170907570e+00
8.644322161081e+00 1.048088618688e+00
8.652326163082e+00 1.048004555299e+00
8.660330165083e+00 1.047918720505e+00
8.668334167084e+00 1.047831117473e+00
8.676338169085e+00 1.047741749435e+00
8.684342171086e+00 1.047650619689e+00
8.692346173087e+00 1.047557731599e+00
8.700350175088e+00 1.047463088591e+00
8.708354177089e+00 1.047366694159e+00
8.716358179090e+00 1.047268551858e+00
8.724362181091e+00 1.047168665311e+00
8.732366183092e+00 1.047067038204e+00
8.740370185093e+00 1.046963674286e+00
8.748374187094e+00 1.046858577372e+00
8.756378189095e+00 1.046751751340e+00
8.764382191096e+00 1.046643200133e+00
8.772386193097e+00 1.046532927755e+00
8.780390195098e+00 1.046420938275e+00
8.788394197099e+00 1.046307235827e+00
8.796398199100e+00 1.046191824606e+00
8.804402201101e+00 1.046074708870e+00
8.812406203102e+00 1.045955892942e+00
8.820410205103e+00 1.045835381206e+00
8.828414207104e+00 1.045713178108e+00
8.836418209105e+00 1.045589288159e+00
8.844422211106e+00 1.045463715929e+00
8.852426213107e+00 1.045336466053e+00
8.860430215108e+00 1.045207543226e+00
8.868434217109e+00 1.045076952206e+00
8.876438219110e+00 1.044944697811e+00
8.884442221111e+00 1.044810784921e+00
8.892446223112e+00 1.044675218479e+00
8.900450225113e+00 1.044538003486e+00
8.908454227114e+00 1.044399145007e+00
8.916458229115e+00 1.044258648164e+00
8.924462231116e+00 1.044116518143e+00
8.932466233117e+00 1.043972760188e+00
8.940470235118e+00 1.043827379604e+00
8.948474237119e+00 1.043680381756e+00
8.956478239120e+00 1.043531772067e+00
8.964482241121e+00 1.043381556022e+00
8.972486243122e+00 1.043229739164e+00
8.980490245123e+00 1.043076327095e+00
8.988494247124e+00 1.042921325476e+00
8.996498249125e+00 1.042764740027e+00
9.004502251126e+00 1.042606576525e+00
9.012506253127e+00 1.042446840808e+00
9.020510255128e+00 1.042285538769e+00
9.028514257129e+00 1.042122676361e+00
9.036518259130e+00 1.041958259594e+00
9.044522261131e+00 1.041792294533e+00
9.052526263132e+00 1.041624787305e+00
9.060530265133e+00 1.041455744090e+00
9.068534267134e+00 1.041285171125e+00
9.076538269135e+00 1.041113074706e+00
9.084542271136e+00 1.040939461182e+00
9.092546273137e+00 1.040764336960e+00
9.100550275138e+00 1.040587708503e+00
9.108554277139e+00 1.040409582327e+00
9.116558279140e+00 1.040229965006e+00
9.124562281141e+00 1.040048863169e+00
9.132566283142e+00 1.039866283497e+00
9.140570285143e+00 1.039682232728e+00
9.148574287144e+00 1.039496717654e+00
9.156578289145e+00 1.039309745120e+00
9.164582291146e+00 1.039121322026e+00
9.172586293147e+00 1.038931455325e+00
9.180590295148e+00 1.038740152023e+00
9.188594297149e+00 1.038547419179e+00
9.196598299150e+00 1.038353263906e+00
9.204602301151e+00 1.038157693367e+00
9.212606303152e+00 1.037960714779e+00
9.220610305153e+00 1.037762335412e+00
9.228614307154e+00 1.037562562585e+00
9.236618309155e+00 1.037361403670e+00
9.244622311156e+00 1.037158866090e+00
9.252626313157e+00 1.036954957320e+00
9.260630315158e+00 1.036749684882e+00
9.268634317159e+00 1.036543056353e+00
9.276638319160e+00 1.036335079356e+00
9.284642321161e+00 1.036125761567e+00
9.292646323162e+00 1.035915110709e+00
9.300650325163e+00 1.035703134556e+00
9.308654327164e+00 1.035489840929e+00
9.316658329165e+00 1.035275237699e+00
9.324662331166e+00 1.035059332785e+00
9.332666333167e+00 1.034842134155e+00
9.340670335168e+00 1.034623649823e+00
9.348674337169e+00 1.034403887852e+00
9.356678339170e+00 1.034182856350e+00
9.364682341171e+00 1.033960563474e+00
9.372686343172e+00 1.033737017427e+00
9.380690345173e+00 1.033512226458e+00
9.388694347174e+00 1.033286198861e+00
9.396698349175e+00 1.033058942978e+00
9.404702351176e+00 1.032830467194e+00
9.412706353177e+00 1.032600779941e+00
9.420710355178e+00 1.032369889693e+00
9.428714357179e+00 1.032137804971e+00
9.436718359180e+00 1.031904534339e+00
9.444722361181e+00 1.031670086405e+00
9.452726363182e+00 1.031434469820e+00
9.460730365183e+00 1.031197693279e+00
9.468734367184e+00 1.030959765519e+00
9.476738369185e+00 1.030720695319e+00
9.484742371186e+00 1.030480491501e+00
9.492746373187e+00 1.030239162930e+00
9.500750375188e+00 1.029996718510e+00
9.508754377189e+00 1.029753167188e+00
9.516758379190e+00 1.029508517950e+00
9.524762381191e+00 1.029262779826e+00
9.532766383192e+00 1.029015961882e+00
9.540770385193e+00 1.028768073227e+00
9.548774387194e+00 1.028519123007e+00
9.556778389195e+00 1.028269120409e+00
9.564782391196e+00 1.028018074659e+00
9.572786393197e+00 1.027765995020e+00
9.580790395198e+00 1.027512890795e+00
9.588794397199e+00 1.027258771322e+00
9.596798399200e+00 1.027003645979e+00
9.604802401201e+00 1.026747524181e+00
9.612806403202e+00 1.026490415379e+00
9.620810405203e+00 1.026232329059e+00
9.628814407204e+00 1.025973274746e+00
9.636818409205e+00 1.025713261999e+00
9.644822411206e+00 1.025452300413e+00
9.652826413207e+00 1.025190399617e+00
9.660830415208e+00 1.024927569275e+00
9.668834417209e+00 1.024663819087e+00
9.676838419210e+00 1.024399158785e+00
9.684842421211e+00 1.024133598135e+00
9.692846423212e+00 1.023867146936e+00
9.700850425213e+00 1.023599815021e+00
9.708854427214e+00 1.023331612254e+00
9.716858429215e+00 1.023062548533e+00
9.724862431216e+00 1.022792633786e+00
9.732866433217e+00 1.022521877973e+00
9.740870435218e+00 1.022250291085e+00
9.748874437219e+00 1.021977883144e+00
9.756878439220e+00 1.021704664202e+00
9.764882441221e+00 1.021430644341e+00
9.772886443222e+00 1.021155833672e+00
9.780890445223e+00 1.020880242337e+00
9.788894447224e+00 1.020603880505e+00
9.796898449225e+00 1.020326758373e+00
9.804902451226e+00 1.020048886169e+00
9.812906453227e+00 1.019770274144e+00
9.820910455228e+00 1.019490932582e+00
9.828914457229e+00 1.019210871788e+00
9.836918459230e+00 1.018930102099e+00
9.844922461231e+00 1.018648633874e+00
9.852926463232e+00 1.018366477500e+00
9.860930465233e+00 1.018083643388e+00
9.868934467234e+00 1.017800141976e+00
9.876938469235e+00 1.017515983725e+00
9.884942471236e+00 1.017231179121e+00
9.892946473237e+00 1.016945738672e+00
9.900950475238e+00 1.016659672913e+00
9.908954477239e+00 1.016372992399e+00
9.916958479240e+00 1.016085707709e+00
9.924962481241e+00 1.015797829443e+00
9.932966483242e+00 1.015509368225e+00
9.940970485243e+00 1.015220334700e+00
9.948974487244e+00 1.014930739532e+00
9.956978489245e+00 1.014640593409e+00
9.964982491246e+00 1.014349907036e+00
9.972986493247e+00 1.014058691140e+00
9.980990495248e+00 1.013766956468e+00
9.988994497249e+00 1.013474713785e+00
9.996998499250e+00 1.013181973873e+00
1.000500250125e+01 1.012888747537e+00
1.001300650325e+01 1.012595045596e+00
1.002101050525e+01 1.012300878888e+00
1.002901450725e+01 1.012006258268e+00
1.003701850925e+01 1.011711194608e+00
1.004502251126e+01 1.011415698796e+00
1.005302651326e+01 1.011119781735e+00
1.006103051526e+01 1.010823454346e+00
1.006903451726e+01 1.010526727563e+00
1.007703851926e+01 1.010229612335e+00
1.008504252126e+01 1.009932119627e+00
1.009304652326e+01 1.009634260416e+00
1.010105052526e+01 1.009336045693e+00
1.010905452726e+01 1.009037486463e+00
1.011705852926e+01 1.008738593743e+00
1.012506253127e+01 1.008439378561e+00
1.013306653327e+01 1.008139851960e+00
1.014107053527e+01 1.007840024993e+00
1.014907453727e+01 1.007539908722e+00
1.015707853927e+01 1.007239514222e+00
1.016508254127e+01 1.006938852579e+00
1.017308654327e+01 1.006637934887e+00
1.018109054527e+01 1.006336772250e+00
1.018909454727e+01 1.006035375781e+00
1.019709854927e+01 1.005733756602e+00
1.020510255128e+01 1.005431925843e+00
1.021310655328e+01 1.005129894641e+00
1.022111055528e+01 1.004827674143e+00
1.022911455728e+01 1.004525275500e+00
1.023711855928e+01 1.004222709870e+00
1.024512256128e+01 1.003919988419e+00
1.025312656328e+01 1.003617122318e+00
1.026113056528e+01 1.003314122741e+00
1.026913456728e+01 1.003011000872e+00
1.027713856928e+01 1.002707767893e+00
1.028514257129e+01 1.002404434997e+00
1.029314657329e+01 1.002101013374e+00
1.030115057529e+01 1.001797514223e+00
1.030915457729e+01 1.001493948742e+00
1.031715857929e+01 1.001190328133e+00
1.032516258129e+01 1.000886663600e+00
1.033316658329e+01 1.000582966348e+00
1.034117058529e+01 1.000279247585e+00
1.034917458729e+01 9.999755185167e-01
1.035717858929e+01 9.996717903522e-01
1.036518259130e+01 9.993680742988e-01
1.037318659330e+01 9.990643815640e-01
1.038119059530e+01 9.987607233542e-01
1.038919459730e+01 9.984571108748e-01
1.039719859930e+01 9.981535553291e-01
1.040520260130e+01 9.978500679186e-01
1.041320660330e+01 9.975466598424e-01
1.042121060530e+01 9.972433422963e-01
1.042921460730e+01 9.969401264730e-01
1.043721860930e+01 9.966370235614e-01
1.044522261131e+01 9.963340447463e-01
1.045322661331e+01 9.960312012077e-01
1.046123061531e+01 9.957285041210e-01
1.046923461731e+01 9.954259646557e-01
1.047723861931e+01 9.951235939760e-01
1.048524262131e+01 9.948214032394e-01
1.049324662331e+01 9.945194035970e-01
1.050125062531e+01 9.942176061929e-01
1.050925462731e+01 9.939160221637e-01
1.051725862931e+01 9.936146626379e-01
1.052526263132e+01 9.933135387361e-01
1.053326663332e+01 9.930126615699e-01
1.054127063532e+01 9.927120422420e-01
1.054927463732e+01 9.924116918453e-01
1.055727863932e+01 9.921116214631e-01
1.056528264132e+01 9.918118421683e-01
1.057328664332e+01 9.915123650228e-01
1.058129064532e+01 9.912132010777e-01
1.058929464732e+01 9.909143613723e-01
1.059729864932e+01 9.906158569340e-01
1.060530265133e+01 9.903176987779e-01
1.061330665333e+01 9.900198979062e-01
1.062131065533e+01 9.897224653081e-01
1.062931465733e+01 9.894254119590e-01
1.063731865933e+01 9.891287488204e-01
1.064532266133e+01 9.888324868395e-01
1.065332666333e+01 9.885366369485e-01
1.066133066533e+01 9.882412100645e-01
1.066933466733e+01 9.879462170890e-01
1.067733866933e+01 9.876516689075e-01
1.068534267134e+01 9.873575763890e-01
1.069334667334e+01 9.870639503858e-01
1.070135067534e+01 9.867708017329e-01
1.070935467734e+01 9.864781412476e-01
1.071735867934e+01 9.861859797295e-01
1.072536268134e+01 9.858943279595e-01
1.073336668334e+01 9.856031966998e-01
1.074137068534e+01 9.853125966933e-01
1.074937468734e+01 9.850225386634e-01
1.075737868934e+01 9.847330333135e-01
1.076538269135e+01 9.844440913266e-01
1.077338669335e+01 9.841557233648e-01
1.078139069535e+01 9.838679400691e-01
1.078939469735e+01 9.835807520590e-01
1.079739869935e+01 9.832941699319e-01
1.080540270135e+01 9.830082042630e-01
1.081340670335e+01 9.827228656045e-01
1.082141070535e+01 9.824381644857e-01
1.082941470735e+01 9.821541114124e-01
1.083741870935e+01 9.818707168662e-01
1.084542271136e+01 9.815879913047e-01
1.085342671336e+01 9.813059451606e-01
1.086143071536e+01 9.810245888417e-01
1.086943471736e+01 9.807439327302e-01
1.087743871936e+01 9.804639871826e-01
1.088544272136e+01 9.801847625291e-01
1.089344672336e+01 9.799062690732e-01
1.090145072536e+01 9.796285170917e-01
1.090945472736e+01 9.793515168337e-01
1.091745872936e+01 9.790752785208e-01
1.092546273137e+01 9.787998123465e-01
1.093346673337e+01 9.785251284755e-01
1.094147073537e+01 9.782512370441e-01
1.094947473737e+01 9.779781481589e-01
1.095747873937e+01 9.777058718971e-01
1.096548274137e+01 9.774344183061e-01
1.097348674337e+01 9.771637974026e-01
1.098149074537e+01 9.768940191727e-01
1.098949474737e+01 9.766250935715e-01
1.099749874937e+01 9.763570305225e-01
1.100550275138e+01 9.760898399175e-01
1.101350675338e+01 9.758235316161e-01
1.102151075538e+01 9.755581154451e-01
1.102951475738e+01 9.752936011987e-01
1.103751875938e+01 9.750299986376e-01
1.104552276138e+01 9.747673174890e-01
1.105352676338e+01 9.745055674460e-01
1.106153076538e+01 9.742447581674e-01
1.106953476738e+01 9.739848992773e-01
1.107753876938e+01 9.737260003647e-01
1.108554277139e+01 9.734680709831e-01
1.109354677339e+01 9.732111206503e-01
1.110155077539e+01 9.729551588480e-01
1.110955477739e+01 9.727001950214e-01
1.111755877939e+01 9.724462385788e-01
1.112556278139e+01 9.721932988915e-01
1.113356678339e+01 9.719413852931e-01
1.114157078539e+01 9.716905070794e-01
1.114957478739e+01 9.714406735080e-01
1.115757878939e+01 9.711918937980e-01
1.116558279140e+01 9.709441771296e-01
1.117358679340e+01 9.706975326436e-01
1.118159079540e+01 9.704519694414e-01
1.118959479740e+01 9.702074965846e-01
1.119759879940e+01 9.699641230944e-01
1.120560280140e+01 9.697218579513e-01
1.121360680340e+01 9.694807100953e-01
1.122161080540e+01 9.692406884248e-01
1.122961480740e+01 9.690018017969e-01
1.123761880940e+01 9.687640590266e-01
1.124562281141e+01 9.685274688868e-01
1.125362681341e+01 9.682920401079e-01
1.126163081541e+01 9.680577813774e-01
1.126963481741e+01 9.678247013397e-01
1.127763881941e+01 9.675928085955e-01
1.128564282141e+01 9.673621117018e-01
1.129364682341e+01 9.671326191717e-01
1.130165082541e+01 9.669043394735e-01
1.130965482741e+01 9.666772810309e-01
1.131765882941e+01 9.664514522225e-01
1.132566283142e+01 9.662268613817e-01
1.133366683342e+01 9.660035167960e-01
1.134167083542e+01 9.657814267070e-01
1.134967483742e+01 9.655605993099e-01
1.135767883942e+01 9.653410427536e-01
1.136568284142e+01 9.651227651397e-01
1.137368684342e+01 9.649057745230e-01
1.138169084542e+01 9.646900789104e-01
1.138969484742e+01 9.644756862615e-01
1.139769884942e+01 9.642626044873e-01
1.140570285143e+01 9.640508414509e-01
1.141370685343e+01 9.638404049664e-01
1.142171085543e+01 9.636313027991e-01
1.142971485743e+01 9.634235426650e-01
1.143771885943e+01 9.632171322307e-01
1.144572286143e+01 9.630120791128e-01
1.145372686343e+01 9.628083908779e-01
1.146173086543e+01 9.626060750424e-01
1.146973486743e+01 9.624051390718e-01
1.147773886943e+01 9.622055903809e-01
1.148574287144e+01 9.620074363331e-01
1.149374687344e+01 9.618106842404e-01
1.150175087544e+01 9.616153413632e-01
1.150975487744e+01 9.614214149098e-01
1.151775887944e+01 9.612289120361e-01
1.152576288144e+01 9.610378398459e-01
1.153376688344e+01 9.608482053896e-01
1.154177088544e+01 9.606600156650e-01
1.154977488744e+01 9.604732776165e-01
1.155777888944e+01 9.602879981347e-01
1.156578289145e+01 9.601041840568e-01
1.157378689345e+01 9.599218421655e-01
1.158179089545e+01 9.597409791894e-01
1.158979489745e+01 9.595616018025e-01
1.159779889945e+01 9.593837166240e-01
1.160580290145e+01 9.592073302179e-01
1.161380690345e+01 9.590324490931e-01
1.162181090545e+01 9.588590797028e-01
1.162981490745e+01 9.586872284445e-01
1.163781890945e+01 9.585169016596e-01
1.164582291146e+01 9.583481056333e-01
1.165382691346e+01 9.581808465944e-01
1.166183091546e+01 9.580151307147e-01
1.166983491746e+01 9.578509641094e-01
1.167783891946e+01 9.576883528363e-01
1.168584292146e+01 9.575273028959e-01
1.169384692346e+01 9.573678202311e-01
1.170185092546e+01 9.572099107269e-01
1.170985492746e+01 9.570535802103e-01
1.171785892946e+01 9.568988344500e-01
1.172586293147e+01 9.567456791562e-01
1.173386693347e+01 9.565941199806e-01
1.174187093547e+01 9.564441625157e-01
1.174987493747e+01 9.562958122951e-01
1.175787893947e+01 9.561490747930e-01
1.176588294147e+01 9.560039554242e-01
1.177388694347e+01 9.558604595437e-01
1.178189094547e+01 9.557185924466e-01
1.178989494747e+01 9.555783593678e-01
1.179789894947e+01 9.554397654822e-01
1.180590295148e+01 9.553028159039e-01
1.181390695348e+01 9.551675156865e-01
1.182191095548e+01 9.550338698227e-01
1.182991495748e+01 9.549018832440e-01
1.183791895948e+01 9.547715608209e-01
1.184592296148e+01 9.546429073625e-01
1.185392696348e+01 9.545159276161e-01
1.186193096548e+01 9.543906262673e-01
1.186993496748e+01 9.542670079399e-01
1.187793896948e+01 9.541450771955e-01
1.188594297149e+01 9.540248385335e-01
1.189394697349e+01 9.539062963906e-01
1.190195097549e+01 9.537894551413e-01
1.190995497749e+01 9.536743190971e-01
1.191795897949e+01 9.535608925066e-01
1.192596298149e+01 9.534491795552e-01
1.193396698349e+01 9.533391843654e-01
1.194197098549e+01 9.532309109960e-01
1.194997498749e+01 9.531243634423e-01
1.195797898949e+01 9.530195456361e-01
1.196598299150e+01 9.529164614453e-01
1.197398699350e+01 9.528151146736e-01
1.198199099550e+01 9.527155090610e-01
1.198999499750e+01 9.526176482828e-01
1.199799899950e+01 9.525215359503e-01
1.200600300150e+01 9.524271756101e-01
1.201400700350e+01 9.523345707441e-01
1.202201100550e+01 9.522437247696e-01
1.203001500750e+01 9.521546410387e-01
1.203801900950e+01 9.520673228389e-01
1.204602301151e+01 9.519817733921e-01
1.205402701351e+01 9.518979958553e-01
1.206203101551e+01 9.518159933198e-01
1.207003501751e+01 9.517357688117e-01
1.207803901951e+01 9.516573252913e-01
1.208604302151e+01 9.515806656532e-01
1.209404702351e+01 9.515057927262e-01
1.210205102551e+01 9.514327092732e-01
1.211005502751e+01 9.513614179911e-01
1.211805902951e+01 9.512919215104e-01
1.212606303152e+01 9.512242223958e-01
1.213406703352e+01 9.511583231453e-01
1.214207103552e+01 9.510942261906e-01
1.215007503752e+01 9.510319338971e-01
1.215807903952e+01 9.509714485634e-01
1.216608304152e+01 9.509127724213e-01
1.217408704352e+01 9.508559076362e-01
1.218209104552e+01 9.508008563063e-01
1.219009504752e+01 9.507476204631e-01
1.219809904952e+01 9.506962020710e-01
1.220610305153e+01 9.506466030274e-01
1.221410705353e+01 9.505988251626e-01
1.222211105553e+01 9.505528702396e-01
1.223011505753e+01 9.505087399541e-01
1.223811905953e+01 9.504664359347e-01
1.224612306153e+01 9.504259597423e-01
1.225412706353e+01 9.503873128706e-01
1.226213106553e+01 9.503504967456e-01
1.227013506753e+01 9.503155127260e-01
1.227813906953e+01 9.502823621026e-01
1.228614307154e+01 9.502510460987e-01
1.229414707354e+01 9.502215658699e-01
1.230215107554e+01 9.501939225041e-01
1.231015507754e+01 9.501681170213e-01
1.231815907954e+01 9.501441503738e-01
1.232616308154e+01 9.501220234459e-01
1.233416708354e+01 9.501017370542e-01
1.234217108554e+01 9.500832919472e-01
1.235017508754e+01 9.500666888056e-01
1.235817908954e+01 9.500519282420e-01
1.236618309155e+01 9.500390108011e-01
1.237418709355e+01 9.500279369596e-01
1.238219109555e+01 9.500187071261e-01
1.239019509755e+01 9.500113216413e-01
1.239819909955e+01 9.500057807775e-01
1.240620310155e+01 9.500020847394e-01
1.241420710355e+01 9.500002336632e-01
1.242221110555e+01 9.500002276174e-01
1.243021510755e+01 9.500020666020e-01
1.243821910955e+01 9.500057505493e-01
1.244622311156e+01 9.500112793233e-01
1.245422711356e+01 9.500186527200e-01
1.246223111556e+01 9.500278704673e-01
1.247023511756e+01 9.500389322250e-01
1.247823911956e+01 9.500518375851e-01
1.248624312156e+01 9.500665860712e-01
1.249424712356e+01 9.500831771391e-01
1.250225112556e+01 9.501016101767e-01
1.251025512756e+01 9.501218845037e-01
1.251825912956e+01 9.501439993719e-01
1.252626313157e+01 9.501679539654e-01
1.253426713357e+01 9.501937474001e-01
1.254227113557e+01 9.502213787243e-01
1.255027513757e+01 9.502508469184e-01
1.255827913957e+01 9.502821508950e-01
1.256628314157e+01 9.503152894988e-01
1.257428714357e+01 9.503502615072e-01
1.258229114557e+01 9.503870656295e-01
1.259029514757e+01 9.504257005077e-01
1.259829914957e+01 9.504661647162e-01
1.260630315158e+01 9.505084567617e-01
1.261430715358e+01 9.505525750837e-01
1.262231115558e+01 9.505985180541e-01
1.263031515758e+01 9.506462839777e-01
1.263831915958e+01 9.506958710918e-01
1.264632316158e+01 9.507472775666e-01
1.265432716358e+01 9.508005015052e-01
1.266233116558e+01 9.508555409436e-01
1.267033516758e+01 9.509123938508e-01
1.267833916958e+01 9.509710581289e-01
1.268634317159e+01 9.510315316130e-01
1.269434717359e+01 9.510938120717e-01
1.270235117559e+01 9.511578972069e-01
1.271035517759e+01 9.512237846536e-01
1.271835917959e+01 9.512914719806e-01
1.272636318159e+01 9.513609566903e-01
1.273436718359e+01 9.514322362184e-01
1.274237118559e+01 9.515053079349e-01
1.275037518759e+01 9.515801691432e-01
1.275837918959e+01 9.516568170810e-01
1.276638319160e+01 9.517352489198e-01
1.277438719360e+01 9.518154617655e-01
1.278239119560e+01 9.518974526582e-01
1.279039519760e+01 9.519812185723e-01
1.279839919960e+01 9.520667564168e-01
1.280640320160e+01 9.521540630353e-01
1.281440720360e+01 9.522431352061e-01
1.282241120560e+01 9.523339696424e-01
1.283041520760e+01 9.524265629923e-01
1.283841920960e+01 9.525209118390e-01
1.284642321161e+01 9.526170127010e-01
1.285442721361e+01 9.527148620322e-01
1.286243121561e+01 9.528144562217e-01
1.287043521761e+01 9.529157915945e-01
1.287843921961e+01 9.530188644113e-01
1.288644322161e+01 9.531236708685e-01
1.289444722361e+01 9.532302070987e-01
1.290245122561e+01 9.533384691707e-01
1.291045522761e+01 9.534484530895e-01
1.291845922961e+01 9.535601547966e-01
1.292646323162e+01 9.536735701701e-01
1.293446723362e+01 9.537886950249e-01
1.294247123562e+01 9.539055251129e-01
1.295047523762e+01 9.540240561228e-01
1.295847923962e+01 9.541442836808e-01
1.296648324162e+01 9.542662033505e-01
1.297448724362e+01 9.543898106329e-01
1.298249124562e+01 9.545151009667e-01
1.299049524762e+01 9.546420697287e-01
1.299849924962e+01 9.547707122336e-01
1.300650325163e+01 9.549010237344e-01
1.301450725363e+01 9.550329994226e-01
1.302251125563e+01 9.551666344281e-01
1.303051525763e+01 9.553019238196e-01
1.303851925963e+01 9.554388626050e-01
1.304652326163e+01 9.555774457310e-01
1.305452726363e+01 9.557176680838e-01
1.306253126563e+01 9.558595244891e-01
1.307053526763e+01 9.560030097123e-01
1.307853926963e+01 9.561481184587e-01
1.308654327164e+01 9.562948453737e-01
1.309454727364e+01 9.564431850429e-01
1.310255127564e+01 9.565931319924e-01
1.311055527764e+01 9.567446806892e-01
1.311855927964e+01 9.568978255409e-01
1.312656328164e+01 9.570525608963e-01
1.313456728364e+01 9.572088810457e-01
1.314257128564e+01 9.573667802207e-01
1.315057528764e+01 9.575262525947e-01
1.315857928964e+01 9.576872922830e-01
1.316658329165e+01 9.578498933431e-01
1.317458729365e+01 9.580140497750e-01
1.318259129565e+01 9.581797555211e-01
1.319059529765e+01 9.583470044668e-01
1.319859929965e+01 9.585157904404e-01
1.320660330165e+01 9.586861072137e-01
1.321460730365e+01 9.588579485017e-01
1.322261130565e+01 9.590313079635e-01
1.323061530765e+01 9.592061792019e-01
1.323861930965e+01 9.593825557640e-01
1.324662331166e+01 9.595604311414e-01
1.325462731366e+01 9.597397987704e-01
1.326263131566e+01 9.599206520321e-01
1.327063531766e+01 9.601029842530e-01
1.327863931966e+01 9.602867887047e-01
1.328664332166e+01 9.604720586049e-01
1.329464732366e+01 9.606587871169e-01
1.330265132566e+01 9.608469673503e-01
1.331065532766e+01 9.610365923610e-01
1.331865932966e+01 9.612276551518e-01
1.332666333167e+01 9.614201486723e-01
1.333466733367e+01 9.616140658193e-01
1.334267133567e+01 9.618093994372e-01
1.335067533767e+01 9.620061423179e-01
1.335867933967e+01 9.622042872016e-01
1.336668334167e+01 9.624038267765e-01
1.337468734367e+01 9.626047536794e-01
1.338269134567e+01 9.628070604960e-01
1.339069534767e+01 9.630107397610e-01
1.339869934967e+01 9.632157839586e-01
1.340670335168e+01 9.634221855223e-01
1.341470735368e+01 9.636299368358e-01
1.342271135568e+01 9.638390302330e-01
1.343071535768e+01 9.640494579981e-01
1.343871935968e+01 9.642612123661e-01
1.344672336168e+01 9.644742855233e-01
1.345472736368e+01 9.646886696069e-01
1.346273136568e+01 9.649043567061e-01
1.347073536768e+01 9.651213388619e-01
1.347873936968e+01 9.653396080674e-01
1.348674337169e+01 9.655591562684e-01
1.349474737369e+01 9.657799753633e-01
1.350275137569e+01 9.660020572037e-01
1.351075537769e+01 9.662253935946e-01
1.351875937969e+01 9.664499762949e-01
1.352676338169e+01 9.666757970171e-01
1.353476738369e+01 9.669028474283e-01
1.354277138569e+01 9.671311191502e-01
1.355077538769e+01 9.673606037594e-01
1.355877938969e+01 9.675912927877e-01
1.356678339170e+01 9.678231777226e-01
1.357478739370e+01 9.680562500072e-01
1.358279139570e+01 9.682905010410e-01
1.359079539770e+01 9.685259221801e-01
1.359879939970e+01 9.687625047371e-01
1.360680340170e+01 9.690002399820e-01
1.361480740370e+01 9.692391191421e-01
1.362281140570e+01 9.694791334027e-01
1.363081540770e+01 9.697202739070e-01
1.363881940970e+01 9.699625317568e-01
1.364682341171e+01 9.702058980126e-01
1.365482741371e+01 9.704503636938e-01
1.366283141571e+01 9.706959197797e-01
1.367083541771e+01 9.709425572089e-01
1.367883941971e+01 9.711902668804e-01
1.368684342171e+01 9.714390396535e-01
1.369484742371e+01 9.716888663482e-01
1.370285142571e+01 9.719397377457e-01
1.371085542771e+01 9.721916445888e-01
1.371885942971e+01 9.724445775819e-01
1.372686343172e+01 9.726985273914e-01
1.373486743372e+01 9.729534846466e-01
1.374287143572e+01 9.732094399392e-01
1.375087543772e+01 9.734663838243e-01
1.375887943972e+01 9.737243068206e-01
1.376688344172e+01 9.739831994103e-01
1.377488744372e+01 9.742430520402e-01
1.378289144572e+01 9.745038551216e-01
1.379089544772e+01 9.747655990305e-01
1.379889944972e+01 9.750282741085e-01
1.380690345173e+01 9.752918706626e-01
1.381490745373e+01 9.755563789659e-01
1.382291145573e+01 9.758217892579e-01
1.383091545773e+01 9.760880917446e-01
1.383891945973e+01 9.763552765993e-01
1.384692346173e+01 9.766233339628e-01
1.385492746373e+01 9.768922539434e-01
1.386293146573e+01 9.771620266178e-01
1.387093546773e+01 9.774326420312e-01
1.387893946973e+01 9.777040901977e-01
1.388694347174e+01 9.779763611006e-01
1.389494747374e+01 9.782494446929e-01
1.390295147574e+01 9.785233308977e-01
1.391095547774e+01 9.787980096082e-01
1.391895947974e+01 9.790734706887e-01
1.392696348174e+01 9.793497039744e-01
1.393496748374e+01 9.796266992721e-01
1.394297148574e+01 9.799044463604e-01
1.395097548774e+01 9.801829349903e-01
1.395897948974e+01 9.804621548854e-01
1.396698349175e+01 9.807420957421e-01
1.397498749375e+01 9.810227472305e-01
1.398299149575e+01 9.813040989942e-01
1.399099549775e+01 9.815861406513e-01
1.399899949975e+01 9.818688617941e-01
1.400700350175e+01 9.821522519900e-01
1.401500750375e+01 9.824363007817e-01
1.402301150575e+01 9.827209976876e-01
1.403101550775e+01 9.830063322021e-01
1.403901950975e+01 9.832922937962e-01
1.404702351176e+01 9.835788719176e-01
1.405502751376e+01 9.838660559915e-01
1.406303151576e+01 9.841538354204e-01
1.407103551776e+01 9.844421995851e-01
1.407903951976e+01 9.847311378448e-01
1.408704352176e+01 9.850206395374e-01
1.409504752376e+01 9.853106939800e-01
1.410305152576e+01 9.856012904695e-01
1.411105552776e+01 9.858924182825e-01
1.411905952976e+01 9.861840666763e-01
1.412706353177e+01 9.864762248887e-01
1.413506753377e+01 9.867688821390e-01
1.414307153577e+01 9.870620276279e-01
1.415107553777e+01 9.873556505380e-01
1.415907953977e+01 9.876497400344e-01
1.416708354177e+01 9.879442852650e-01
1.417508754377e+01 9.882392753609e-01
1.418309154577e+01 9.885346994367e-01
1.419109554777e+01 9.888305465910e-01
1.419909954977e+01 9.891268059068e-01
1.420710355178e+01 9.894234664520e-01
1.421510755378e+01 9.897205172794e-01
1.422311155578e+01 9.900179474278e-01
1.423111555778e+01 9.903157459217e-01
1.423911955978e+01 9.906139017720e-01
1.424712356178e+01 9.909124039768e-01
1.425512756378e+01 9.912112415208e-01
1.426313156578e+01 9.915104033770e-01
1.427113556778e+01 9.918098785058e-01
1.427913956978e+01 9.921096558565e-01
1.428714357179e+01 9.924097243670e-01
1.429514757379e+01 9.927100729646e-01
1.430315157579e+01 9.930106905662e-01
1.431115557779e+01 9.933115660787e-01
1.431915957979e+01 9.936126883997e-01
1.432716358179e+01 9.939140464174e-01
1.433516758379e+01 9.942156290116e-01
1.434317158579e+01 9.945174250535e-01
1.435117558779e+01 9.948194234067e-01
1.435917958979e+01 9.951216129273e-01
1.436718359180e+01 9.954239824641e-01
1.437518759380e+01 9.957265208595e-01
1.438319159580e+01 9.960292169496e-01
1.439119559780e+01 9.963320595647e-01
1.439919959980e+01 9.966350375297e-01
1.440720360180e+01 9.969381396644e-01
1.441520760380e+01 9.972413547841e-01
1.442321160580e+01 9.975446717000e-01
1.443121560780e+01 9.978480792194e-01
1.443921960980e+01 9.981515661464e-01
1.444722361181e+01 9.984551212820e-01
1.445522761381e+01 9.987587334248e-01
1.446323161581e+01 9.990623913713e-01
1.447123561781e+01 9.993660839164e-01
1.447923961981e+01 9.996697998534e-01
1.448724362181e+01 9.999735279751e-01
1.449524762381e+01 1.000277257074e+00
1.450325162581e+01 1.000580975941e+00
1.451125562781e+01 1.000884673370e+00
1.451925962981e+01 1.001188338154e+00
1.452726363182e+01 1.001491959087e+00
1.453526763382e+01 1.001795524966e+00
1.454327163582e+01 1.002099024589e+00
1.455127563782e+01 1.002402446756e+00
1.455927963982e+01 1.002705780270e+00
1.456728364182e+01 1.003009013940e+00
1.457528764382e+01 1.003312136574e+00
1.458329164582e+01 1.003615136988e+00
1.459129564782e+01 1.003918004001e+00
1.459929964982e+01 1.004220726436e+00
1.460730365183e+01 1.004523293123e+00
1.461530765383e+01 1.004825692897e+00
1.462331165583e+01 1.005127914600e+00
1.463131565783e+01 1.005429947078e+00
1.463931965983e+01 1.005731779187e+00
1.464732366183e+01 1.006033399789e+00
1.465532766383e+01 1.006334797754e+00
1.466333166583e+01 1.006635961959e+00
1.467133566783e+01 1.006936881293e+00
1.467933966983e+01 1.007237544650e+00
1.468734367184e+01 1.007537940936e+00
1.469534767384e+01 1.007838059067e+00
1.470335167584e+01 1.008137887967e+00
1.471135567784e+01 1.008437416572e+00
1.471935967984e+01 1.008736633830e+00
1.472736368184e+01 1.009035528700e+00
1.473536768384e+01 1.009334090152e+00
1.474337168584e+01 1.009632307168e+00
1.475137568784e+01 1.009930168745e+00
1.475937968984e+01 1.010227663891e+00
1.476738369185e+01 1.010524781628e+00
1.477538769385e+01 1.010821510992e+00
1.478339169585e+01 1.011117841035e+00
1.479139569785e+01 1.011413760820e+00
1.479939969985e+01 1.011709259429e+00
1.480740370185e+01 1.012004325956e+00
1.481540770385e+01 1.012298949515e+00
1.482341170585e+01 1.012593119233e+00
1.483141570785e+01 1.012886824256e+00
1.483941970985e+01 1.013180053744e+00
1.484742371186e+01 1.013472796878e+00
1.485542771386e+01 1.013765042855e+00
1.486343171586e+01 1.014056780892e+00
1.487143571786e+01 1.014348000222e+00
1.487943971986e+01 1.014638690101e+00
1.488744372186e+01 1.014928839800e+00
1.489544772386e+01 1.015218438613e+00
1.490345172586e+01 1.015507475854e+00
1.491145572786e+01 1.015795940857e+00
1.491945972986e+01 1.016083822977e+00
1.492746373187e+01 1.016371111592e+00
1.493546773387e+01 1.016657796101e+00
1.494347173587e+01 1.016943865923e+00
1.495147573787e+01 1.017229310504e+00
1.495947973987e+01 1.017514119310e+00
1.496748374187e+01 1.017798281831e+00
1.497548774387e+01 1.018081787581e+00
1.498349174587e+01 1.018364626100e+00
1.499149574787e+01 1.018646786950e+00
1.499949974987e+01 1.018928259719e+00
1.500750375188e+01 1.019209034020e+00
1.501550775388e+01 1.019489099493e+00
1.502351175588e+01 1.019768445803e+00
1.503151575788e+01 1.020047062642e+00
1.503951975988e+01 1.020324939728e+00
1.504752376188e+01 1.020602066809e+00
1.505552776388e+01 1.020878433657e+00
1.506353176588e+01 1.021154030075e+00
1.507153576788e+01 1.021428845893e+00
1.507953976988e+01 1.021702870969e+00
1.508754377189e+01 1.021976095193e+00
1.509554777389e+01 1.022248508482e+00
1.510355177589e+01 1.022520100783e+00
1.511155577789e+01 1.022790862076e+00
1.511955977989e+01 1.023060782367e+00
1.512756378189e+01 1.023329851698e+00
1.513556778389e+01 1.023598060139e+00
1.514357178589e+01 1.023865397794e+00
1.515157578789e+01 1.024131854797e+00
1.515957978989e+01 1.024397421315e+00
1.516758379190e+01 1.024662087550e+00
1.517558779390e+01 1.024925843734e+00
1.518359179590e+01 1.025188680135e+00
1.519159579790e+01 1.025450587055e+00
1.519959979990e+01 1.025711554828e+00
1.520760380190e+01 1.025971573824e+00
1.521560780390e+01 1.026230634450e+00
1.522361180590e+01 1.026488727144e+00
1.523161580790e+01 1.026745842384e+00
1.523961980990e+01 1.027001970682e+00
1.524762381191e+01 1.027257102585e+00
1.525562781391e+01 1.027511228681e+00
1.526363181591e+01 1.027764339590e+00
1.527163581791e+01 1.028016425974e+00
1.527963981991e+01 1.028267478530e+00
1.528764382191e+01 1.028517487995e+00
1.529564782391e+01 1.028766445141e+00
1.530365182591e+01 1.029014340783e+00
1.531165582791e+01 1.029261165774e+00
1.531965982991e+01 1.029506911005e+00
1.532766383192e+01 1.029751567408e+00
1.533566783392e+01 1.029995125955e+00
1.534367183592e+01 1.030237577658e+00
1.535167583792e+01 1.030478913571e+00
1.535967983992e+01 1.030719124789e+00
1.536768384192e+01 1.030958202447e+00
1.537568784392e+01 1.031196137723e+00
1.538369184592e+01 1.031432921837e+00
1.539169584792e+01 1.031668546053e+00
1.539969984992e+01 1.031903001674e+00
1.540770385193e+01 1.032136280049e+00
1.541570785393e+01 1.032368372571e+00
1.542371185593e+01 1.032599270675e+00
1.543171585793e+01 1.032828965840e+00
1.543971985993e+01 1.033057449591e+00
1.544772386193e+01 1.033284713496e+00
1.545572786393e+01 1.033510749170e+00
1.546373186593e+01 1.033735548271e+00
1.547173586793e+01 1.033959102503e+00
1.547973986993e+01 1.034181403619e+00
1.548774387194e+01 1.034402443414e+00
1.549574787394e+01 1.034622213732e+00
1.550375187594e+01 1.034840706463e+00
1.551175587794e+01 1.035057913546e+00
1.551975987994e+01 1.035273826964e+00
1.552776388194e+01 1.035488438750e+00
1.553576788394e+01 1.035701740985e+00
1.554377188594e+01 1.035913725799e+00
1.555177588794e+01 1.036124385367e+00
1.555977988994e+01 1.036333711918e+00
1.556778389195e+01 1.036541697727e+00
1.557578789395e+01 1.036748335119e+00
1.558379189595e+01 1.036953616468e+00
1.559179589795e+01 1.037157534200e+00
1.559979989995e+01 1.037360080791e+00
1.560780390195e+01 1.037561248765e+00
1.561580790395e+01 1.037761030700e+00
1.562381190595e+01 1.037959419223e+00
1.563181590795e+01 1.038156407015e+00
1.563981990995e+01 1.038351986805e+00
1.564782391196e+01 1.038546151377e+00
1.565582791396e+01 1.038738893566e+00
1.566383191596e+01 1.038930206260e+00
1.567183591796e+01 1.039120082399e+00
1.567983991996e+01 1.039308514977e+00
1.568784392196e+01 1.039495497039e+00
1.569584792396e+01 1.039681021687e+00
1.570385192596e+01 1.039865082075e+00
1.571185592796e+01 1.040047671410e+00
1.571985992996e+01 1.040228782955e+00
1.572786393197e+01 1.040408410026e+00
1.573586793397e+01 1.040586545995e+00
1.574387193597e+01 1.040763184290e+00
1.575187593797e+01 1.040938318391e+00
1.575987993997e+01 1.041111941836e+00
1.576788394197e+01 1.041284048219e+00
1.577588794397e+01 1.041454631188e+00
1.578389194597e+01 1.041623684449e+00
1.579189594797e+01 1.041791201764e+00
1.579989994997e+01 1.041957176951e+00
1.580790395198e+01 1.042121603885e+00
1.581590795398e+01 1.042284476500e+00
1.582391195598e+01 1.042445788784e+00
1.583191595798e+01 1.042605534786e+00
1.583991995998e+01 1.042763708610e+00
1.584792396198e+01 1.042920304420e+00
1.585592796398e+01 1.043075316438e+00
1.586393196598e+01 1.043228738943e+00
1.587193596798e+01 1.043380566274e+00
1.587993996998e+01 1.043530792828e+00
1.588794397199e+01 1.043679413062e+00
1.589594797399e+01 1.043826421491e+00
1.590395197599e+01 1.043971812692e+00
1.591195597799e+01 1.044115581298e+00
1.591995997999e+01 1.044257722005e+00
1.592796398199e+01 1.044398229568e+00
1.593596798399e+01 1.044537098802e+00
1.594397198599e+01 1.044674324582e+00
1.595197598799e+01 1.044809901844e+00
1.595997998999e+01 1.044943825587e+00
1.596798399200e+01 1.045076090867e+00
1.597598799400e+01 1.045206692804e+00
1.598399199600e+01 1.045335626580e+00
1.599199599800e+01 1.045462887435e+00
1.600000000000e+01 1.045588470675e+00
