x_t0_mm y_t0_mm x_t025_mm y_t025_mm x_t050_mm y_t050_mm x_t075_mm y_t075_mm
0.000000000000e+00 1.050000000000e+00 0.000000000000e+00 1.000000000000e+00 0.000000000000e+00 9.500000000000e-01 0.000000000000e+00 1.000000000000e+00
1.653372197184e-02 1.049851219462e+00 1.574668077186e-02 9.998760133360e-01 1.495963957187e-02 9.499008072101e-01 1.574668077186e-02 9.998760133360e-01
3.306158778865e-02 1.049404956233e+00 3.148945678688e-02 9.995040840893e-01 2.991732578511e-02 9.496032119458e-01 3.148945678688e-02 9.995040840893e-01
4.957774666639e-02 1.048661445357e+00 4.722442425650e-02 9.988843044886e-01 4.487110184662e-02 9.491071636203e-01 4.722442425650e-02 9.988843044886e-01
6.607635855300e-02 1.047621078200e+00 6.294768132848e-02 9.980168282225e-01 5.981900410396e-02 9.484125782447e-01 6.294768132848e-02 9.980168282225e-01
8.255159946914e-02 1.046284401894e+00 7.865532905443e-02 9.969018704022e-01 7.475905863971e-02 9.475193389104e-01 7.865532905443e-02 9.969018704022e-01
9.899766681893e-02 1.044652118551e+00 9.434347235666e-02 9.955397075073e-01 8.968927789439e-02 9.464272964638e-01 9.434347235666e-02 9.955397075073e-01
1.154087846605e-01 1.042725084266e+00 1.100082209941e-01 9.939306773179e-01 1.046076573277e-01 9.451362703699e-01 1.100082209941e-01 9.939306773179e-01
1.317792089264e-01 1.040504307897e+00 1.256456905268e-01 9.920751788307e-01 1.195121721272e-01 9.436460497643e-01 1.256456905268e-01 9.920751788307e-01
1.481032325852e-01 1.037990949629e+00 1.412520032795e-01 9.899736721598e-01 1.344007739739e-01 9.419563946905e-01 1.412520032795e-01 9.899736721598e-01
1.643751907323e-01 1.035186319326e+00 1.568232893029e-01 9.876266784227e-01 1.492713878735e-01 9.400670375194e-01 1.568232893029e-01 9.876266784227e-01
1.805894656034e-01 1.032091874675e+00 1.723556873333e-01 9.850347796113e-01 1.641219090633e-01 9.379776845476e-01 1.723556873333e-01 9.850347796113e-01
1.967404914989e-01 1.028709219124e+00 1.878453457503e-01 9.821986184474e-01 1.789502000018e-01 9.356880177711e-01 1.878453457503e-01 9.821986184474e-01
2.128227596118e-01 1.025040099616e+00 2.032884235318e-01 9.791188982233e-01 1.937540874519e-01 9.331976968300e-01 2.032884235318e-01 9.791188982233e-01
2.288308227493e-01 1.021086404136e+00 2.186810912064e-01 9.757963826274e-01 2.085313596635e-01 9.305063611191e-01 2.186810912064e-01 9.757963826274e-01
2.447592999393e-01 1.016850159050e+00 2.340195318030e-01 9.722318955551e-01 2.232797636667e-01 9.276136320601e-01 2.340195318030e-01 9.722318955551e-01
2.606028809144e-01 1.012333526279e+00 2.492999417974e-01 9.684263209041e-01 2.379970026804e-01 9.245191155291e-01 2.492999417974e-01 9.684263209041e-01
2.763563304645e-01 1.007538800276e+00 2.645185320556e-01 9.643806023553e-01 2.526807336468e-01 9.212224044349e-01 2.645185320556e-01 9.643806023553e-01
2.920144926496e-01 1.002468404838e+00 2.796715287731e-01 9.600957431390e-01 2.673285648967e-01 9.177230814401e-01 2.796715287731e-01 9.600957431390e-01
3.075722948671e-01 9.971248897518e-01 2.947551744109e-01 9.555728057861e-01 2.819380539547e-01 9.140207218205e-01 2.947551744109e-01 9.555728057861e-01
3.230247517641e-01 9.915109272751e-01 3.097657286271e-01 9.508129118644e-01 2.965067054901e-01 9.101148964538e-01 3.097657286271e-01 9.508129118644e-01
3.383669689896e-01 9.856293084686e-01 3.246994692047e-01 9.458172417006e-01 3.110319694198e-01 9.060051749327e-01 3.246994692047e-01 9.458172417006e-01
3.535941467790e-01 9.794829393825e-01 3.395526929743e-01 9.405870340877e-01 3.255112391695e-01 9.016911287929e-01 3.395526929743e-01 9.405870340877e-01
3.687015833656e-01 9.730748371056e-01 3.543217167325e-01 9.351235859777e-01 3.399418500995e-01 8.971723348497e-01 3.543217167325e-01 9.351235859777e-01
3.836846782118e-01 9.664081256857e-01 3.690028781555e-01 9.294282521599e-01 3.543210780993e-01 8.924483786340e-01 3.690028781555e-01 9.294282521599e-01
3.985389350566e-01 9.594860319300e-01 3.835925367068e-01 9.235024449252e-01 3.686461383569e-01 8.875188579205e-01 3.835925367068e-01 9.235024449252e-01
4.132599647731e-01 9.523118810931e-01 3.980870745401e-01 9.173476337159e-01 3.829141843070e-01 8.823833863387e-01 3.980870745401e-01 9.173476337159e-01
4.278434880308e-01 9.448890924631e-01 4.124828973966e-01 9.109653447609e-01 3.971223067625e-01 8.770415970586e-01 4.124828973966e-01 9.109653447609e-01
4.422853377609e-01 9.372211748533e-01 4.267764354964e-01 9.043571606976e-01 4.112675332319e-01 8.714931465419e-01 4.267764354964e-01 9.043571606976e-01
4.565814614181e-01 9.293117220098e-01 4.409641444231e-01 8.975247201794e-01 4.253468274281e-01 8.657377183491e-01 4.409641444231e-01 8.975247201794e-01
4.707279230374e-01 9.211644079442e-01 4.550425060034e-01 8.904697174694e-01 4.393570889694e-01 8.597750269947e-01 4.550425060034e-01 8.904697174694e-01
4.847209050824e-01 9.127829822012e-01 4.690080291791e-01 8.831939020201e-01 4.532951532759e-01 8.536048218390e-01 4.690080291791e-01 8.831939020201e-01
4.985567100826e-01 9.041712650695e-01 4.828572508730e-01 8.756990780396e-01 4.671577916634e-01 8.472268910097e-01 4.828572508730e-01 8.756990780396e-01
5.122317620584e-01 8.953331427482e-01 4.965867368473e-01 8.679871040444e-01 4.809417116363e-01 8.406410653406e-01 4.965867368473e-01 8.679871040444e-01
5.257426077313e-01 8.862725624764e-01 5.101930825559e-01 8.600598923983e-01 4.946435573805e-01 8.338472223201e-01 5.101930825559e-01 8.600598923983e-01
5.390859175193e-01 8.769935276369e-01 5.236729139879e-01 8.519194088383e-01 5.082599104564e-01 8.268452900397e-01 5.236729139879e-01 8.519194088383e-01
5.522584863161e-01 8.675000928438e-01 5.370228885046e-01 8.435676719874e-01 5.217872906931e-01 8.196352511310e-01 5.370228885046e-01 8.435676719874e-01
5.652572340544e-01 8.577963590237e-01 5.502396956684e-01 8.350067528534e-01 5.352221572823e-01 8.122171466831e-01 5.502396956684e-01 8.350067528534e-01
5.780792060541e-01 8.478864685017e-01 5.633200580636e-01 8.262387743160e-01 5.485609100731e-01 8.045910801303e-01 5.633200580636e-01 8.262387743160e-01
5.907215731554e-01 8.377746000995e-01 5.762607321093e-01 8.172659106000e-01 5.617998910632e-01 7.967572211005e-01 5.762607321093e-01 8.172659106000e-01
6.031816316385e-01 8.274649642585e-01 5.890585088635e-01 8.080903867362e-01 5.749353860885e-01 7.887158092139e-01 5.890585088635e-01 8.080903867362e-01
6.154568029316e-01 8.169617981958e-01 6.017102148188e-01 7.987144780099e-01 5.879636267061e-01 7.804671578241e-01 6.017102148188e-01 7.987144780099e-01
6.275446331101e-01 8.062693611028e-01 6.142127126897e-01 7.891405093964e-01 6.008807922692e-01 7.720116576900e-01 6.142127126897e-01 7.891405093964e-01
6.394427921884e-01 7.953919293970e-01 6.265629021900e-01 7.793708549845e-01 6.136830121917e-01 7.633497805719e-01 6.265629021900e-01 7.793708549845e-01
6.511490732080e-01 7.843337920357e-01 6.387577208023e-01 7.694079373878e-01 6.263663683967e-01 7.544820827400e-01 6.387577208023e-01 7.694079373878e-01
6.626613911262e-01 7.730992459006e-01 6.507941445368e-01 7.592542271444e-01 6.389268979474e-01 7.454092083881e-01 6.507941445368e-01 7.592542271444e-01
6.739777815081e-01 7.616925912634e-01 6.626691886814e-01 7.489122421034e-01 6.513605958546e-01 7.361318929434e-01 6.626691886814e-01 7.489122421034e-01
6.850963990273e-01 7.501181273398e-01 6.743799085419e-01 7.383845468014e-01 6.636634180565e-01 7.266509662630e-01 6.743799085419e-01 7.383845468014e-01
6.960155157789e-01 7.383801479419e-01 6.859234001721e-01 7.276737518259e-01 6.758312845653e-01 7.169673557099e-01 6.859234001721e-01 7.276737518259e-01
7.067335194123e-01 7.264829372370e-01 6.972968010940e-01 7.167825131685e-01 6.878600827757e-01 7.070820890999e-01 6.972968010940e-01 7.167825131685e-01
7.172489110861e-01 7.144307656201e-01 7.084972910075e-01 7.057135315658e-01 6.997456709289e-01 6.969962975114e-01 7.084972910075e-01 7.057135315658e-01
7.275603032545e-01 7.022278857095e-01 7.195220924899e-01 6.944695518300e-01 7.114838817253e-01 6.867112179505e-01 7.195220924899e-01 6.944695518300e-01
7.376664172883e-01 6.898785284712e-01 7.303684716844e-01 6.830533621683e-01 7.230705260805e-01 6.762281958654e-01 7.303684716844e-01 6.830533621683e-01
7.475660809402e-01 6.773868994816e-01 7.410337389783e-01 6.714677934911e-01 7.345013970164e-01 6.655486875007e-01 7.410337389783e-01 6.714677934911e-01
7.572582256591e-01 6.647571753330e-01 7.515152496698e-01 6.597157187105e-01 7.457722736804e-01 6.546742620881e-01 7.515152496698e-01 6.597157187105e-01
7.667418837614e-01 6.519935001908e-01 7.618104046237e-01 6.478000520277e-01 7.568789254861e-01 6.436066038645e-01 7.618104046237e-01 6.478000520277e-01
7.760161854675e-01 6.390999825064e-01 7.719166509163e-01 6.357237482100e-01 7.678171163651e-01 6.323475139135e-01 7.719166509163e-01 6.357237482100e-01
7.850803558111e-01 6.260806918936e-01 7.818314824680e-01 6.234898018587e-01 7.785826091250e-01 6.208989118238e-01 7.818314824680e-01 6.234898018587e-01
7.939337114281e-01 6.129396561730e-01 7.915524406651e-01 6.111012466663e-01 7.891711699020e-01 6.092628371597e-01 7.915524406651e-01 6.111012466663e-01
8.025756572365e-01 5.996808585891e-01 8.010771149691e-01 5.985611546641e-01 7.995785727017e-01 5.974414507390e-01 8.010771149691e-01 5.985611546641e-01
8.110056830121e-01 5.863082352059e-01 8.104031435149e-01 5.858726354602e-01 8.098006040178e-01 5.854370357146e-01 8.104031435149e-01 5.858726354602e-01
8.192233598724e-01 5.728256724843e-01 8.195282136962e-01 5.730388354692e-01 8.198330675201e-01 5.732519984540e-01 8.195282136962e-01 5.730388354692e-01
8.272283366749e-01 5.592370050458e-01 8.284500627390e-01 5.600629371310e-01 8.296717888030e-01 5.608888692162e-01 8.284500627390e-01 5.600629371310e-01
8.350203363412e-01 5.455460136250e-01 8.371664782625e-01 5.469481581224e-01 8.393126201839e-01 5.483503026199e-01 8.371664782625e-01 5.469481581224e-01
8.425991521139e-01 5.317564232147e-01 8.456752988284e-01 5.336977505588e-01 8.487514455428e-01 5.356390779030e-01 8.456752988284e-01 5.336977505588e-01
8.499646437587e-01 5.178719014063e-01 8.539744144759e-01 5.203150001878e-01 8.579841851932e-01 5.227580989694e-01 8.539744144759e-01 5.203150001878e-01
8.571167337174e-01 5.038960569261e-01 8.620617672459e-01 5.068032255746e-01 8.670068007744e-01 5.097103942232e-01 8.620617672459e-01 5.068032255746e-01
8.640554032256e-01 4.898324383712e-01 8.699353516905e-01 4.931657772789e-01 8.758153001553e-01 4.964991161867e-01 8.699353516905e-01 4.931657772789e-01
8.707806884015e-01 4.756845331437e-01 8.775932153707e-01 4.794060370242e-01 8.844057423400e-01 4.831275409046e-01 8.775932153707e-01 4.794060370242e-01
8.772926763166e-01 4.614557665867e-01 8.850334593407e-01 4.655274168590e-01 8.927742423649e-01 4.695990671312e-01 8.850334593407e-01 4.655274168590e-01
8.835915010593e-01 4.471495013193e-01 8.922542386184e-01 4.515333583109e-01 9.009169761775e-01 4.559172153025e-01 8.922542386184e-01 4.515333583109e-01
8.896773397985e-01 4.327690367731e-01 8.992537626431e-01 4.374273315332e-01 9.088301854877e-01 4.420856262934e-01 8.992537626431e-01 4.374273315332e-01
8.955504088595e-01 4.183176089275e-01 9.060302957195e-01 4.232128344444e-01 9.165101825795e-01 4.281080599613e-01 9.060302957195e-01 4.232128344444e-01
9.012109598200e-01 4.037983902437e-01 9.125821574482e-01 4.088933918606e-01 9.239533550764e-01 4.139883934774e-01 9.125821574482e-01 4.088933918606e-01
9.066592756366e-01 3.892144897953e-01 9.189077231422e-01 3.944725546216e-01 9.311561706478e-01 3.997306194479e-01 9.189077231422e-01 3.944725546216e-01
9.118956668113e-01 3.745689535934e-01 9.250054242299e-01 3.799538987104e-01 9.381151816486e-01 3.853388438273e-01 9.250054242299e-01 3.799538987104e-01
9.169204676067e-01 3.598647651047e-01 9.308737486442e-01 3.653410243664e-01 9.448270296817e-01 3.708172836281e-01 9.308737486442e-01 3.653410243664e-01
9.217340323201e-01 3.451048459574e-01 9.365112411971e-01 3.506375551928e-01 9.512884500740e-01 3.561702644281e-01 9.365112411971e-01 3.506375551928e-01
9.263367316245e-01 3.302920568342e-01 9.419165039407e-01 3.358471372576e-01 9.574962762569e-01 3.414022176810e-01 9.419165039407e-01 3.358471372576e-01
9.307289489861e-01 3.154291985464e-01 9.470881965141e-01 3.209734381902e-01 9.634474440421e-01 3.265176778339e-01 9.470881965141e-01 3.209734381902e-01
9.349110771670e-01 3.005190132858e-01 9.520250364755e-01 3.060201462710e-01 9.691389957841e-01 3.115212792562e-01 9.520250364755e-01 3.060201462710e-01
9.388835148208e-01 2.855641860503e-01 9.567257996203e-01 2.909909695178e-01 9.745680844198e-01 2.964177529852e-01 9.567257996203e-01 2.909909695178e-01
9.426466631901e-01 2.705673462366e-01 9.611893202845e-01 2.758896347654e-01 9.797319773789e-01 2.812119232942e-01 9.611893202845e-01 2.758896347654e-01
9.462009229140e-01 2.555310693957e-01 9.654144916341e-01 2.607198867421e-01 9.846280603543e-01 2.659087040885e-01 9.654144916341e-01 2.607198867421e-01
9.495466909521e-01 2.404578791460e-01 9.694002659393e-01 2.454854871408e-01 9.892538409266e-01 2.505130951356e-01 9.694002659393e-01 2.454854871408e-01
9.526843576338e-01 2.253502492354e-01 9.731456548344e-01 2.301902136863e-01 9.936069520350e-01 2.350301781371e-01 9.731456548344e-01 2.301902136863e-01
9.556143038392e-01 2.102106057492e-01 9.766497295628e-01 2.148378591984e-01 9.976851552863e-01 2.194651126476e-01 9.766497295628e-01 2.148378591984e-01
9.583368983188e-01 1.950413294537e-01 9.799116212074e-01 1.994322306516e-01 1.001486344096e+00 2.038231318495e-01 9.799116212074e-01 1.994322306516e-01
9.608524951577e-01 1.798447582710e-01 9.829305209062e-01 1.839771482308e-01 1.005008546655e+00 1.881095381906e-01 9.829305209062e-01 1.839771482308e-01
9.631614313914e-01 1.646231898758e-01 9.857056800524e-01 1.684764443843e-01 1.008249928713e+00 1.723296988928e-01 9.857056800524e-01 1.684764443843e-01
9.652640247782e-01 1.493788844073e-01 9.882364104808e-01 1.529339628732e-01 1.011208796183e+00 1.564890413392e-01 9.882364104808e-01 1.529339628732e-01
9.671605717337e-01 1.341140672880e-01 9.905220846375e-01 1.373535578184e-01 1.013883597541e+00 1.405930483488e-01 9.905220846375e-01 1.373535578184e-01
9.688513454327e-01 1.188309321411e-01 9.925621357364e-01 1.217390927447e-01 1.016272926040e+00 1.246472533484e-01 9.925621357364e-01 1.217390927447e-01
9.703365940821e-01 1.035316437981e-01 9.943560578993e-01 1.060944396231e-01 1.018375521717e+00 1.086572354480e-01 9.943560578993e-01 1.060944396231e-01
9.716165393702e-01 8.821834138805e-02 9.959034062813e-01 9.042347791012e-02 1.020190273192e+00 9.262861443218e-02 9.959034062813e-01 9.042347791012e-02
9.726913750954e-01 7.289314149932e-02 9.972037971812e-01 7.473009358642e-02 1.021716219267e+00 7.656704567353e-02 9.972037971812e-01 7.473009358642e-02
9.735612659770e-01 5.755814140491e-02 9.982569081368e-01 5.901817819272e-02 1.022952550297e+00 6.047821498054e-02 9.982569081368e-01 5.901817819272e-02
9.742263466525e-01 4.221542234251e-02 9.990624780047e-01 4.329162786496e-02 1.023898609357e+00 4.436783338741e-02 9.990624780047e-01 4.329162786496e-02
9.746867208622e-01 2.686705283956e-02 9.996203070250e-01 2.755434236816e-02 1.024553893188e+00 2.824163189676e-02 9.996203070250e-01 2.755434236816e-02
9.749424608241e-01 1.151509207414e-02 9.999302568710e-01 1.181022412938e-02 1.024918052918e+00 1.210535618463e-02 9.999302568710e-01 1.181022412938e-02
9.749936068003e-01 -3.838406737861e-03 9.999922506834e-01 -3.936822729975e-03 1.024990894566e+00 -4.035238722089e-03 9.999922506834e-01 -3.936822729975e-03
9.748401668550e-01 -1.919139293876e-02 9.998062730894e-01 -1.968289336230e-02 1.024772379324e+00 -2.017439378584e-02 9.998062730894e-01 -1.968289336230e-02
9.744821168071e-01 -3.454181501794e-02 9.993723702065e-01 -3.542408316205e-02 1.024262623606e+00 -3.630635130617e-02 9.993723702065e-01 -3.542408316205e-02
9.739194003743e-01 -4.988761720308e-02 9.986906496310e-01 -5.115648873401e-02 1.023461898888e+00 -5.242536026495e-02 9.986906496310e-01 -5.115648873401e-02
9.731519295113e-01 -6.522673606341e-02 9.977612804115e-01 -6.687620886121e-02 1.022370631312e+00 -6.852568165902e-02 9.977612804115e-01 -6.687620886121e-02
9.721795849390e-01 -8.055709713445e-02 9.965844930067e-01 -8.257934547233e-02 1.020989401074e+00 -8.460159381021e-02 9.965844930067e-01 -8.257934547233e-02
9.710022168654e-01 -9.587661157388e-02 9.951605792285e-01 -9.826200460833e-02 1.019318941592e+00 -1.006473976428e-01 9.951605792285e-01 -9.826200460833e-02
9.696196458946e-01 -1.111831728578e-01 9.934898921695e-01 -1.139202973880e-01 1.017360138444e+00 -1.166574219182e-01 9.934898921695e-01 -1.139202973880e-01
9.680316641231e-01 -1.264746535270e-01 9.915728461157e-01 -1.295503409725e-01 1.015114028108e+00 -1.326260284179e-01 9.915728461157e-01 -1.295503409725e-01
9.662380364207e-01 -1.417489019921e-01 9.894099164432e-01 -1.451482595277e-01 1.012581796466e+00 -1.485476170633e-01 9.894099164432e-01 -1.451482595277e-01
9.642385018914e-01 -1.570037394069e-01 9.870016395009e-01 -1.607101851859e-01 1.009764777110e+00 -1.644166309650e-01 9.870016395009e-01 -1.607101851859e-01
9.620327755135e-01 -1.722369566191e-01 9.843486124774e-01 -1.762322590047e-01 1.006664449441e+00 -1.802275613903e-01 9.843486124774e-01 -1.762322590047e-01
9.596205499522e-01 -1.874463112066e-01 9.814514932524e-01 -1.917106319237e-01 1.003282436553e+00 -1.959749526409e-01 9.814514932524e-01 -1.917106319237e-01
9.570014975420e-01 -2.026295246082e-01 9.783110002344e-01 -2.071414657193e-01 9.996205029268e-01 -2.116534068305e-01 9.783110002344e-01 -2.071414657193e-01
9.541752724344e-01 -2.177842793576e-01 9.749279121818e-01 -2.225209339563e-01 9.956805519292e-01 -2.272575885550e-01 9.749279121818e-01 -2.225209339563e-01
9.511415129039e-01 -2.329082164277e-01 9.713030680103e-01 -2.378452229367e-01 9.914646231166e-01 -2.427822294458e-01 9.713030680103e-01 -2.378452229367e-01
9.478998438091e-01 -2.479989326940e-01 9.674373665844e-01 -2.531105326457e-01 9.869748893598e-01 -2.582221325973e-01 9.674373665844e-01 -2.531105326457e-01
9.444498792013e-01 -2.630539785247e-01 9.633317664951e-01 -2.683130776935e-01 9.822136537890e-01 -2.735721768623e-01 9.633317664951e-01 -2.683130776935e-01
9.407912250753e-01 -2.780708555035e-01 9.589872858217e-01 -2.834490882545e-01 9.771833465682e-01 -2.888273210055e-01 9.589872858217e-01 -2.834490882545e-01
9.369234822548e-01 -2.930470142943e-01 9.544050018795e-01 -2.985148110017e-01 9.718865215042e-01 -3.039826077091e-01 9.544050018795e-01 -2.985148110017e-01
9.328462494072e-01 -3.079798526527e-01 9.495860509527e-01 -3.135065100378e-01 9.663258524982e-01 -3.190331674229e-01 9.495860509527e-01 -3.135065100378e-01
9.285591261780e-01 -3.228667135909e-01 9.445316280126e-01 -3.284204678212e-01 9.605041298471e-01 -3.339742220516e-01 9.445316280126e-01 -3.284204678212e-01
9.240617164402e-01 -3.377048837027e-01 9.392429864212e-01 -3.432529860883e-01 9.544242564023e-01 -3.488010884738e-01 9.392429864212e-01 -3.432529860883e-01
9.193536316480e-01 -3.524915916540e-01 9.337214376207e-01 -3.580003867700e-01 9.480892435934e-01 -3.635091818860e-01 9.337214376207e-01 -3.580003867700e-01
9.144344942892e-01 -3.672240068434e-01 9.279683508079e-01 -3.726590129044e-01 9.415022073266e-01 -3.780940189654e-01 9.279683508079e-01 -3.726590129044e-01
9.093039414257e-01 -3.818992382383e-01 9.219851525948e-01 -3.872252295431e-01 9.346663637640e-01 -3.925512208479e-01 9.219851525948e-01 -3.872252295431e-01
9.039616283159e-01 -3.965143333915e-01 9.157733266551e-01 -4.016954246530e-01 9.275850249942e-01 -4.068765159145e-01 9.157733266551e-01 -4.016954246530e-01
8.984072321078e-01 -4.110662776405e-01 9.093344133558e-01 -4.160660100115e-01 9.202615946037e-01 -4.210657423825e-01 9.093344133558e-01 -4.160660100115e-01
8.926404555958e-01 -4.255519934958e-01 9.026700093757e-01 -4.303334220969e-01 9.126995631556e-01 -4.351148506981e-01 9.026700093757e-01 -4.303334220969e-01
8.866610310308e-01 -4.399683402184e-01 8.957817673093e-01 -4.444941229715e-01 9.049025035878e-01 -4.490199057245e-01 8.957817673093e-01 -4.444941229715e-01
8.804687239751e-01 -4.543121135923e-01 8.886713952569e-01 -4.585446011591e-01 8.968740665388e-01 -4.627770887258e-01 8.886713952569e-01 -4.585446011591e-01
8.740633371919e-01 -4.685800458912e-01 8.813406564011e-01 -4.724813725159e-01 8.886179756103e-01 -4.763826991405e-01 8.813406564011e-01 -4.724813725159e-01
8.674447145612e-01 -4.827688060443e-01 8.737913685696e-01 -4.863009810943e-01 8.801380225780e-01 -4.898331561442e-01 8.737913685696e-01 -4.863009810943e-01
8.606127450108e-01 -4.968750000000e-01 8.660254037844e-01 -5.000000000000e-01 8.714380625581e-01 -5.031250000000e-01 8.660254037844e-01 -5.000000000000e-01
8.535673664538e-01 -5.108951712901e-01 8.580446877977e-01 -5.135750322417e-01 8.625220091417e-01 -5.162548931933e-01 8.580446877977e-01 -5.135750322417e-01
8.463085697233e-01 -5.248258017944e-01 8.498511996142e-01 -5.270227115735e-01 8.533938295051e-01 -5.292196213526e-01 8.498511996142e-01 -5.270227115735e-01
8.388364024932e-01 -5.386633127056e-01 8.414469710004e-01 -5.403397033295e-01 8.440575395077e-01 -5.420160939535e-01 8.414469710004e-01 -5.403397033295e-01
8.311509731763e-01 -5.524040656943e-01 8.328340859808e-01 -5.535227052511e-01 8.345171987854e-01 -5.546413448079e-01 8.328340859808e-01 -5.535227052511e-01
8.232524547906e-01 -5.660443642731e-01 8.240146803213e-01 -5.665684483052e-01 8.247769058520e-01 -5.670925323374e-01 8.240146803213e-01 -5.665684483052e-01
8.151410887824e-01 -5.795804553586e-01 8.149909409991e-01 -5.794736974957e-01 8.148407932159e-01 -5.793669396329e-01 8.149909409991e-01 -5.794736974957e-01
8.068171887982e-01 -5.930085310289e-01 8.057651056610e-01 -5.922352526650e-01 8.047130225238e-01 -5.914619743011e-01 8.057651056610e-01 -5.922352526650e-01
7.982811443955e-01 -6.063247304749e-01 7.963394620680e-01 -6.048499492876e-01 7.943977797405e-01 -6.033751681004e-01 7.963394620680e-01 -6.048499492876e-01
7.895334246825e-01 -6.195251421429e-01 7.867163475284e-01 -6.173146592554e-01 7.838992703742e-01 -6.151041763679e-01 7.867163475284e-01 -6.173146592554e-01
7.805745818784e-01 -6.326058060643e-01 7.768981483178e-01 -6.296262916527e-01 7.732217147573e-01 -6.266467772411e-01 7.768981483178e-01 -6.296262916527e-01
7.714052547845e-01 -6.455627163698e-01 7.668872990879e-01 -6.417817935230e-01 7.623693433913e-01 -6.380008706763e-01 7.668872990879e-01 -6.417817935230e-01
7.620261721576e-01 -6.583918239835e-01 7.566862822622e-01 -6.537781506262e-01 7.513463923669e-01 -6.491644772689e-01 7.566862822622e-01 -6.537781506262e-01
7.524381559765e-01 -6.710890394925e-01 7.462976274209e-01 -6.656123881855e-01 7.401570988652e-01 -6.601357368784e-01 7.462976274209e-01 -6.656123881855e-01
7.426421245944e-01 -6.836502361879e-01 7.357239106731e-01 -6.772815716257e-01 7.288056967519e-01 -6.709129070636e-01 7.357239106731e-01 -6.772815716257e-01
7.326390957662e-01 -6.960712532699e-01 7.249677540188e-01 -6.887828073007e-01 7.172964122713e-01 -6.814943613315e-01 7.249677540188e-01 -6.887828073007e-01
7.224301895466e-01 -7.083478992142e-01 7.140318246977e-01 -7.001132432106e-01 7.056334598489e-01 -6.918785872070e-01 7.140318246977e-01 -7.001132432106e-01
7.120166310472e-01 -7.204759552912e-01 7.029188345288e-01 -7.112700697096e-01 6.938210380104e-01 -7.020641841280e-01 7.029188345288e-01 -7.112700697096e-01
7.013997530482e-01 -7.324511792328e-01 6.916315392371e-01 -7.222505202023e-01 6.818633254261e-01 -7.120498611718e-01 6.916315392371e-01 -7.222505202023e-01
6.905809984561e-01 -7.442693090397e-01 6.801727377709e-01 -7.330518718298e-01 6.697644770857e-01 -7.218344346200e-01 6.801727377709e-01 -7.330518718298e-01
6.795619226007e-01 -7.559260669222e-01 6.685452716073e-01 -7.436714461451e-01 6.575286206139e-01 -7.314168253679e-01 6.685452716073e-01 -7.436714461451e-01
6.683441953649e-01 -7.674171633676e-01 6.567520240477e-01 -7.541066097769e-01 6.451598527306e-01 -7.407960561862e-01 6.567520240477e-01 -7.541066097769e-01
6.569296031421e-01 -7.787383013248e-01 6.447959195031e-01 -7.643547750830e-01 6.326622358641e-01 -7.499712488412e-01 6.447959195031e-01 -7.643547750830e-01
6.453200506137e-01 -7.898851805004e-01 6.326799227684e-01 -7.744134007917e-01 6.200397949230e-01 -7.589416210831e-01 6.326799227684e-01 -7.744134007917e-01
6.335175623431e-01 -8.008535017561e-01 6.204070382877e-01 -7.842799926322e-01 6.072965142322e-01 -7.677064835083e-01 6.204070382877e-01 -7.842799926322e-01
6.215242841794e-01 -8.116389716005e-01 6.079803094089e-01 -7.939521039528e-01 5.944363346384e-01 -7.762652363051e-01 6.079803094089e-01 -7.939521039528e-01
6.093424844682e-01 -8.222373067645e-01 5.954028176295e-01 -8.034273363279e-01 5.814631507908e-01 -7.846173658912e-01 5.954028176295e-01 -8.034273363279e-01
5.969745550633e-01 -8.326442388538e-01 5.826776818318e-01 -8.127033401525e-01 5.683808086004e-01 -7.927624414512e-01 5.826776818318e-01 -8.127033401525e-01
5.844230121372e-01 -8.428555190671e-01 5.698080575103e-01 -8.217778152252e-01 5.551931028833e-01 -8.007001113833e-01 5.698080575103e-01 -8.217778152252e-01
5.716904967861e-01 -8.528669229722e-01 5.567971359883e-01 -8.306485113182e-01 5.419037751906e-01 -8.084300996642e-01 5.567971359883e-01 -8.306485113182e-01
5.587797754264e-01 -8.626742553295e-01 5.436481436276e-01 -8.393132287354e-01 5.285165118287e-01 -8.159522021413e-01 5.436481436276e-01 -8.393132287354e-01
5.456937399815e-01 -8.722733549544e-01 5.303643410274e-01 -8.477698188581e-01 5.150349420732e-01 -8.232662827617e-01 5.303643410274e-01 -8.477698188581e-01
5.324354078551e-01 -8.816600996074e-01 5.169490222164e-01 -8.560161846773e-01 5.014626365777e-01 -8.303722697472e-01 5.169490222164e-01 -8.560161846773e-01
5.190079216909e-01 -8.908304109030e-01 5.034055138360e-01 -8.640502813144e-01 4.878031059812e-01 -8.372701517257e-01 5.034055138360e-01 -8.640502813144e-01
5.054145489169e-01 -8.997802592284e-01 4.897371743150e-01 -8.718701165276e-01 4.740597997131e-01 -8.439599738269e-01 4.897371743150e-01 -8.718701165276e-01
4.916586810745e-01 -9.085056686593e-01 4.759473930371e-01 -8.794737512065e-01 4.602361049997e-01 -8.504418337537e-01 4.759473930371e-01 -8.794737512065e-01
4.777438329304e-01 -9.170027218660e-01 4.620395895001e-01 -8.868592998523e-01 4.463353460698e-01 -8.567158778387e-01 4.620395895001e-01 -8.868592998523e-01
4.636736413744e-01 -9.252675649977e-01 4.480172124684e-01 -8.940249310461e-01 4.323607835624e-01 -8.627822970946e-01 4.480172124684e-01 -8.940249310461e-01
4.494518641015e-01 -9.332964125361e-01 4.338837391176e-01 -9.009688679024e-01 4.183156141336e-01 -8.686413232688e-01 4.338837391176e-01 -9.009688679024e-01
4.350823780801e-01 -9.410855521078e-01 4.196426741719e-01 -9.076893885101e-01 4.042029702637e-01 -8.742932249124e-01 4.196426741719e-01 -9.076893885101e-01
4.205691778097e-01 -9.486313492462e-01 4.052975490358e-01 -9.141848263593e-01 3.900259202619e-01 -8.797383034724e-01 4.052975490358e-01 -9.141848263593e-01
4.059163733673e-01 -9.559302520927e-01 3.908519209176e-01 -9.204535707547e-01 3.757874684680e-01 -8.849768894166e-01 3.908519209176e-01 -9.204535707547e-01
3.911281882479e-01 -9.629787960275e-01 3.763093719478e-01 -9.264940672148e-01 3.614905556477e-01 -8.900093384021e-01 3.763093719478e-01 -9.264940672148e-01
3.762089570010e-01 -9.697736082215e-01 3.616735082907e-01 -9.323048178577e-01 3.471380595805e-01 -8.948360274939e-01 3.616735082907e-01 -9.323048178577e-01
3.611631226655e-01 -9.763114120981e-01 3.469479592501e-01 -9.378843817722e-01 3.327327958347e-01 -8.994573514463e-01 3.469479592501e-01 -9.378843817722e-01
3.459952340098e-01 -9.825890316977e-01 3.321363763694e-01 -9.432313753752e-01 3.182775187289e-01 -9.038737190527e-01 3.321363763694e-01 -9.432313753752e-01
3.307099425788e-01 -9.886033959343e-01 3.172424325260e-01 -9.483444727550e-01 3.037749224733e-01 -9.080855495757e-01 3.172424325260e-01 -9.483444727550e-01
3.153119995533e-01 -9.943515427364e-01 3.022698210209e-01 -9.532224059998e-01 2.892276424885e-01 -9.120932692631e-01 3.022698210209e-01 -9.532224059998e-01
2.998062524286e-01 -9.998306230630e-01 2.872222546623e-01 -9.578639655122e-01 2.746382568960e-01 -9.158973079614e-01 2.872222546623e-01 -9.578639655122e-01
2.841976415152e-01 -1.005037904787e+00 2.721034648453e-01 -9.622680003093e-01 2.600092881755e-01 -9.194980958316e-01 2.721034648453e-01 -9.622680003093e-01
2.684911962701e-01 -1.009970776437e+00 2.569172006266e-01 -9.664334183078e-01 2.453432049831e-01 -9.228960601787e-01 2.569172006266e-01 -9.664334183078e-01
2.526920314636e-01 -1.014626750792e+00 2.416672277946e-01 -9.703591865954e-01 2.306424241257e-01 -9.260916223991e-01 2.416672277946e-01 -9.703591865954e-01
2.368053431882e-01 -1.019003468316e+00 2.263573279359e-01 -9.740443316860e-01 2.159093126836e-01 -9.290851950560e-01 2.263573279359e-01 -9.740443316860e-01
2.208364047184e-01 -1.023098700436e+00 2.109912974972e-01 -9.774879397621e-01 2.011461902760e-01 -9.318771790884e-01 2.109912974972e-01 -9.774879397621e-01
2.047905622264e-01 -1.026910352641e+00 1.955729468444e-01 -9.806891569007e-01 1.863553314624e-01 -9.344679611603e-01 1.955729468444e-01 -9.806891569007e-01
1.886732303628e-01 -1.030436467413e+00 1.801060993170e-01 -9.836471892853e-01 1.715389682711e-01 -9.368579111574e-01 1.801060993170e-01 -9.836471892853e-01
1.724898877109e-01 -1.033675226969e+00 1.645945902807e-01 -9.863613034027e-01 1.566992928505e-01 -9.390473798363e-01 1.645945902807e-01 -9.863613034027e-01
1.562460721210e-01 -1.036624955818e+00 1.490422661762e-01 -9.888308262251e-01 1.418384602313e-01 -9.410366966324e-01 1.490422661762e-01 -9.888308262251e-01
1.399473759348e-01 -1.039284123121e+00 1.334529835649e-01 -9.910551453767e-01 1.269585911949e-01 -9.428261676320e-01 1.334529835649e-01 -9.910551453767e-01
1.235994411079e-01 -1.041651344859e+00 1.178306081731e-01 -9.930337092856e-01 1.120617752382e-01 -9.444160737122e-01 1.178306081731e-01 -9.930337092856e-01
1.072079542403e-01 -1.043725385787e+00 1.021790139332e-01 -9.947660273208e-01 9.715007362617e-02 -9.458066688545e-01 1.021790139332e-01 -9.947660273208e-01
9.077864152235e-02 -1.045505161192e+00 8.650208202325e-02 -9.962516699136e-01 8.222552252414e-02 -9.469981786355e-01 8.650208202325e-02 -9.962516699136e-01
7.431726360778e-02 -1.046989738431e+00 7.080369990411e-02 -9.974902686643e-01 6.729013620043e-02 -9.479907988980e-01 7.080369990411e-02 -9.974902686643e-01
5.782961042141e-02 -1.048178338261e+00 5.508776035587e-02 -9.984815164333e-01 5.234591029033e-02 -9.487846946060e-01 5.508776035587e-02 -9.984815164333e-01
4.132149591240e-02 -1.049070335949e+00 3.935816051236e-02 -9.992251674178e-01 3.739482511231e-02 -9.493799988869e-01 3.935816051236e-02 -9.992251674178e-01
2.479875276241e-02 -1.049665262162e+00 2.361880089480e-02 -9.997210372120e-01 2.243884902719e-02 -9.497768122617e-01 2.361880089480e-02 -9.997210372120e-01
8.267227058578e-03 -1.049962803640e+00 7.873584444579e-03 -9.999690028536e-01 7.479941830580e-03 -9.499752020667e-01 7.873584444579e-03 -9.999690028536e-01
-8.267227058577e-03 -1.049962803640e+00 -7.873584444579e-03 -9.999690028536e-01 -7.479941830580e-03 -9.499752020667e-01 -7.873584444579e-03 -9.999690028536e-01
-2.479875276241e-02 -1.049665262162e+00 -2.361880089480e-02 -9.997210372120e-01 -2.243884902719e-02 -9.497768122617e-01 -2.361880089480e-02 -9.997210372120e-01
-4.132149591240e-02 -1.049070335949e+00 -3.935816051236e-02 -9.992251674178e-01 -3.739482511231e-02 -9.493799988869e-01 -3.935816051236e-02 -9.992251674178e-01
-5.782961042140e-02 -1.048178338261e+00 -5.508776035587e-02 -9.984815164333e-01 -5.234591029033e-02 -9.487846946060e-01 -5.508776035587e-02 -9.984815164333e-01
-7.431726360778e-02 -1.046989738431e+00 -7.080369990411e-02 -9.974902686643e-01 -6.729013620043e-02 -9.479907988980e-01 -7.080369990411e-02 -9.974902686643e-01
-9.077864152235e-02 -1.045505161192e+00 -8.650208202325e-02 -9.962516699136e-01 -8.222552252414e-02 -9.469981786355e-01 -8.650208202325e-02 -9.962516699136e-01
-1.072079542403e-01 -1.043725385787e+00 -1.021790139332e-01 -9.947660273208e-01 -9.715007362617e-02 -9.458066688545e-01 -1.021790139332e-01 -9.947660273208e-01
-1.235994411079e-01 -1.041651344859e+00 -1.178306081731e-01 -9.930337092856e-01 -1.120617752382e-01 -9.444160737122e-01 -1.178306081731e-01 -9.930337092856e-01
-1.399473759348e-01 -1.039284123121e+00 -1.334529835649e-01 -9.910551453767e-01 -1.269585911949e-01 -9.428261676320e-01 -1.334529835649e-01 -9.910551453767e-01
-1.562460721210e-01 -1.036624955818e+00 -1.490422661762e-01 -9.888308262251e-01 -1.418384602313e-01 -9.410366966324e-01 -1.490422661762e-01 -9.888308262251e-01
-1.724898877109e-01 -1.033675226969e+00 -1.645945902807e-01 -9.863613034027e-01 -1.566992928505e-01 -9.390473798363e-01 -1.645945902807e-01 -9.863613034027e-01
-1.886732303628e-01 -1.030436467413e+00 -1.801060993170e-01 -9.836471892853e-01 -1.715389682711e-01 -9.368579111574e-01 -1.801060993170e-01 -9.836471892853e-01
-2.047905622264e-01 -1.026910352641e+00 -1.955729468444e-01 -9.806891569007e-01 -1.863553314624e-01 -9.344679611603e-01 -1.955729468444e-01 -9.806891569007e-01
-2.208364047184e-01 -1.023098700436e+00 -2.109912974972e-01 -9.774879397621e-01 -2.011461902760e-01 -9.318771790884e-01 -2.109912974972e-01 -9.774879397621e-01
-2.368053431882e-01 -1.019003468316e+00 -2.263573279359e-01 -9.740443316860e-01 -2.159093126836e-01 -9.290851950560e-01 -2.263573279359e-01 -9.740443316860e-01
-2.526920314636e-01 -1.014626750792e+00 -2.416672277946e-01 -9.703591865954e-01 -2.306424241257e-01 -9.260916223991e-01 -2.416672277946e-01 -9.703591865954e-01
-2.684911962701e-01 -1.009970776437e+00 -2.569172006266e-01 -9.664334183078e-01 -2.453432049831e-01 -9.228960601787e-01 -2.569172006266e-01 -9.664334183078e-01
-2.841976415152e-01 -1.005037904787e+00 -2.721034648453e-01 -9.622680003093e-01 -2.600092881755e-01 -9.194980958316e-01 -2.721034648453e-01 -9.622680003093e-01
-2.998062524286e-01 -9.998306230630e-01 -2.872222546623e-01 -9.578639655122e-01 -2.746382568960e-01 -9.158973079614e-01 -2.872222546623e-01 -9.578639655122e-01
-3.153119995533e-01 -9.943515427364e-01 -3.022698210209e-01 -9.532224059998e-01 -2.892276424885e-01 -9.120932692631e-01 -3.022698210209e-01 -9.532224059998e-01
-3.307099425788e-01 -9.886033959343e-01 -3.172424325260e-01 -9.483444727550e-01 -3.037749224733e-01 -9.080855495757e-01 -3.172424325260e-01 -9.483444727550e-01
-3.459952340098e-01 -9.825890316977e-01 -3.321363763694e-01 -9.432313753752e-01 -3.182775187289e-01 -9.038737190527e-01 -3.321363763694e-01 -9.432313753752e-01
-3.611631226655e-01 -9.763114120981e-01 -3.469479592501e-01 -9.378843817722e-01 -3.327327958347e-01 -8.994573514463e-01 -3.469479592501e-01 -9.378843817722e-01
-3.762089570010e-01 -9.697736082215e-01 -3.616735082907e-01 -9.323048178577e-01 -3.471380595805e-01 -8.948360274939e-01 -3.616735082907e-01 -9.323048178577e-01
-3.911281882479e-01 -9.629787960275e-01 -3.763093719478e-01 -9.264940672148e-01 -3.614905556477e-01 -8.900093384021e-01 -3.763093719478e-01 -9.264940672148e-01
-4.059163733673e-01 -9.559302520927e-01 -3.908519209176e-01 -9.204535707547e-01 -3.757874684680e-01 -8.849768894166e-01 -3.908519209176e-01 -9.204535707547e-01
-4.205691778097e-01 -9.486313492462e-01 -4.052975490358e-01 -9.141848263593e-01 -3.900259202619e-01 -8.797383034724e-01 -4.052975490358e-01 -9.141848263593e-01
-4.350823780801e-01 -9.410855521078e-01 -4.196426741719e-01 -9.076893885101e-01 -4.042029702637e-01 -8.742932249124e-01 -4.196426741719e-01 -9.076893885101e-01
-4.494518641015e-01 -9.332964125361e-01 -4.338837391176e-01 -9.009688679024e-01 -4.183156141336e-01 -8.686413232688e-01 -4.338837391176e-01 -9.009688679024e-01
-4.636736413744e-01 -9.252675649977e-01 -4.480172124684e-01 -8.940249310461e-01 -4.323607835624e-01 -8.627822970946e-01 -4.480172124684e-01 -8.940249310461e-01
-4.777438329304e-01 -9.170027218660e-01 -4.620395895001e-01 -8.868592998523e-01 -4.463353460698e-01 -8.567158778387e-01 -4.620395895001e-01 -8.868592998523e-01
-4.916586810745e-01 -9.085056686593e-01 -4.759473930371e-01 -8.794737512065e-01 -4.602361049997e-01 -8.504418337537e-01 -4.759473930371e-01 -8.794737512065e-01
-5.054145489169e-01 -8.997802592284e-01 -4.897371743150e-01 -8.718701165276e-01 -4.740597997131e-01 -8.439599738269e-01 -4.897371743150e-01 -8.718701165276e-01
-5.190079216909e-01 -8.908304109030e-01 -5.034055138360e-01 -8.640502813144e-01 -4.878031059812e-01 -8.372701517257e-01 -5.034055138360e-01 -8.640502813144e-01
-5.324354078551e-01 -8.816600996074e-01 -5.169490222164e-01 -8.560161846773e-01 -5.014626365777e-01 -8.303722697472e-01 -5.169490222164e-01 -8.560161846773e-01
-5.456937399815e-01 -8.722733549544e-01 -5.303643410274e-01 -8.477698188581e-01 -5.150349420732e-01 -8.232662827617e-01 -5.303643410274e-01 -8.477698188581e-01
-5.587797754264e-01 -8.626742553295e-01 -5.436481436276e-01 -8.393132287354e-01 -5.285165118287e-01 -8.159522021413e-01 -5.436481436276e-01 -8.393132287354e-01
-5.716904967861e-01 -8.528669229722e-01 -5.567971359883e-01 -8.306485113182e-01 -5.419037751906e-01 -8.084300996642e-01 -5.567971359883e-01 -8.306485113182e-01
-5.844230121372e-01 -8.428555190671e-01 -5.698080575103e-01 -8.217778152252e-01 -5.551931028833e-01 -8.007001113833e-01 -5.698080575103e-01 -8.217778152252e-01
-5.969745550633e-01 -8.326442388538e-01 -5.826776818318e-01 -8.127033401525e-01 -5.683808086004e-01 -7.927624414512e-01 -5.826776818318e-01 -8.127033401525e-01
-6.093424844682e-01 -8.222373067645e-01 -5.954028176295e-01 -8.034273363279e-01 -5.814631507908e-01 -7.846173658912e-01 -5.954028176295e-01 -8.034273363279e-01
-6.215242841794e-01 -8.116389716005e-01 -6.079803094089e-01 -7.939521039528e-01 -5.944363346384e-01 -7.762652363051e-01 -6.079803094089e-01 -7.939521039528e-01
-6.335175623431e-01 -8.008535017561e-01 -6.204070382877e-01 -7.842799926322e-01 -6.072965142322e-01 -7.677064835083e-01 -6.204070382877e-01 -7.842799926322e-01
-6.453200506137e-01 -7.898851805004e-01 -6.326799227684e-01 -7.744134007917e-01 -6.200397949230e-01 -7.589416210831e-01 -6.326799227684e-01 -7.744134007917e-01
-6.569296031421e-01 -7.787383013248e-01 -6.447959195031e-01 -7.643547750830e-01 -6.326622358641e-01 -7.499712488412e-01 -6.447959195031e-01 -7.643547750830e-01
-6.683441953649e-01 -7.674171633676e-01 -6.567520240477e-01 -7.541066097769e-01 -6.451598527306e-01 -7.407960561862e-01 -6.567520240477e-01 -7.541066097769e-01
-6.795619226007e-01 -7.559260669222e-01 -6.685452716073e-01 -7.436714461451e-01 -6.575286206139e-01 -7.314168253679e-01 -6.685452716073e-01 -7.436714461451e-01
-6.905809984561e-01 -7.442693090397e-01 -6.801727377709e-01 -7.330518718298e-01 -6.697644770857e-01 -7.218344346200e-01 -6.801727377709e-01 -7.330518718298e-01
-7.013997530482e-01 -7.324511792328e-01 -6.916315392371e-01 -7.222505202023e-01 -6.818633254261e-01 -7.120498611718e-01 -6.916315392371e-01 -7.222505202023e-01
-7.120166310472e-01 -7.204759552912e-01 -7.029188345288e-01 -7.112700697096e-01 -6.938210380104e-01 -7.020641841280e-01 -7.029188345288e-01 -7.112700697096e-01
-7.224301895466e-01 -7.083478992142e-01 -7.140318246977e-01 -7.001132432106e-01 -7.056334598489e-01 -6.918785872070e-01 -7.140318246977e-01 -7.001132432106e-01
-7.326390957662e-01 -6.960712532699e-01 -7.249677540188e-01 -6.887828073007e-01 -7.172964122713e-01 -6.814943613315e-01 -7.249677540188e-01 -6.887828073007e-01
-7.426421245944e-01 -6.836502361879e-01 -7.357239106731e-01 -6.772815716257e-01 -7.288056967519e-01 -6.709129070636e-01 -7.357239106731e-01 -6.772815716257e-01
-7.524381559765e-01 -6.710890394925e-01 -7.462976274209e-01 -6.656123881855e-01 -7.401570988652e-01 -6.601357368784e-01 -7.462976274209e-01 -6.656123881855e-01
-7.620261721576e-01 -6.583918239835e-01 -7.566862822622e-01 -6.537781506262e-01 -7.513463923669e-01 -6.491644772689e-01 -7.566862822622e-01 -6.537781506262e-01
-7.714052547845e-01 -6.455627163698e-01 -7.668872990879e-01 -6.417817935230e-01 -7.623693433913e-01 -6.380008706763e-01 -7.668872990879e-01 -6.417817935230e-01
-7.805745818784e-01 -6.326058060643e-01 -7.768981483178e-01 -6.296262916527e-01 -7.732217147572e-01 -6.266467772411e-01 -7.768981483178e-01 -6.296262916527e-01
-7.895334246825e-01 -6.195251421429e-01 -7.867163475284e-01 -6.173146592554e-01 -7.838992703742e-01 -6.151041763679e-01 -7.867163475284e-01 -6.173146592554e-01
-7.982811443955e-01 -6.063247304749e-01 -7.963394620680e-01 -6.048499492876e-01 -7.943977797405e-01 -6.033751681004e-01 -7.963394620680e-01 -6.048499492876e-01
-8.068171887982e-01 -5.930085310289e-01 -8.057651056610e-01 -5.922352526650e-01 -8.047130225238e-01 -5.914619743011e-01 -8.057651056610e-01 -5.922352526650e-01
-8.151410887824e-01 -5.795804553586e-01 -8.149909409991e-01 -5.794736974957e-01 -8.148407932159e-01 -5.793669396329e-01 -8.149909409991e-01 -5.794736974957e-01
-8.232524547906e-01 -5.660443642731e-01 -8.240146803213e-01 -5.665684483052e-01 -8.247769058520e-01 -5.670925323374e-01 -8.240146803213e-01 -5.665684483052e-01
-8.311509731763e-01 -5.524040656943e-01 -8.328340859808e-01 -5.535227052511e-01 -8.345171987854e-01 -5.546413448079e-01 -8.328340859808e-01 -5.535227052511e-01
-8.388364024932e-01 -5.386633127056e-01 -8.414469710004e-01 -5.403397033295e-01 -8.440575395077e-01 -5.420160939535e-01 -8.414469710004e-01 -5.403397033295e-01
-8.463085697233e-01 -5.248258017944e-01 -8.498511996142e-01 -5.270227115735e-01 -8.533938295051e-01 -5.292196213526e-01 -8.498511996142e-01 -5.270227115735e-01
-8.535673664538e-01 -5.108951712901e-01 -8.580446877977e-01 -5.135750322417e-01 -8.625220091417e-01 -5.162548931933e-01 -8.580446877977e-01 -5.135750322417e-01
-8.606127450108e-01 -4.968750000000e-01 -8.660254037844e-01 -5.000000000000e-01 -8.714380625581e-01 -5.031250000000e-01 -8.660254037844e-01 -5.000000000000e-01
-8.674447145612e-01 -4.827688060443e-01 -8.737913685696e-01 -4.863009810943e-01 -8.801380225780e-01 -4.898331561442e-01 -8.737913685696e-01 -4.863009810943e-01
-8.740633371919e-01 -4.685800458912e-01 -8.813406564011e-01 -4.724813725159e-01 -8.886179756103e-01 -4.763826991405e-01 -8.813406564011e-01 -4.724813725159e-01
-8.804687239751e-01 -4.543121135923e-01 -8.886713952569e-01 -4.585446011591e-01 -8.968740665388e-01 -4.627770887258e-01 -8.886713952569e-01 -4.585446011591e-01
-8.866610310308e-01 -4.399683402184e-01 -8.957817673093e-01 -4.444941229715e-01 -9.049025035878e-01 -4.490199057245e-01 -8.957817673093e-01 -4.444941229715e-01
-8.926404555958e-01 -4.255519934958e-01 -9.026700093757e-01 -4.303334220969e-01 -9.126995631556e-01 -4.351148506981e-01 -9.026700093757e-01 -4.303334220969e-01
-8.984072321078e-01 -4.110662776405e-01 -9.093344133558e-01 -4.160660100115e-01 -9.202615946037e-01 -4.210657423825e-01 -9.093344133558e-01 -4.160660100115e-01
-9.039616283159e-01 -3.965143333915e-01 -9.157733266551e-01 -4.016954246530e-01 -9.275850249942e-01 -4.068765159145e-01 -9.157733266551e-01 -4.016954246530e-01
-9.093039414257e-01 -3.818992382383e-01 -9.219851525948e-01 -3.872252295431e-01 -9.346663637640e-01 -3.925512208479e-01 -9.219851525948e-01 -3.872252295431e-01
-9.144344942892e-01 -3.672240068434e-01 -9.279683508079e-01 -3.726590129044e-01 -9.415022073266e-01 -3.780940189654e-01 -9.279683508079e-01 -3.726590129044e-01
-9.193536316480e-01 -3.524915916540e-01 -9.337214376207e-01 -3.580003867700e-01 -9.480892435934e-01 -3.635091818860e-01 -9.337214376207e-01 -3.580003867700e-01
-9.240617164402e-01 -3.377048837027e-01 -9.392429864212e-01 -3.432529860883e-01 -9.544242564023e-01 -3.488010884738e-01 -9.392429864212e-01 -3.432529860883e-01
-9.285591261780e-01 -3.228667135909e-01 -9.445316280126e-01 -3.284204678212e-01 -9.605041298471e-01 -3.339742220516e-01 -9.445316280126e-01 -3.284204678212e-01
-9.328462494072e-01 -3.079798526527e-01 -9.495860509527e-01 -3.135065100378e-01 -9.663258524982e-01 -3.190331674229e-01 -9.495860509527e-01 -3.135065100378e-01
-9.369234822548e-01 -2.930470142943e-01 -9.544050018795e-01 -2.985148110017e-01 -9.718865215042e-01 -3.039826077091e-01 -9.544050018795e-01 -2.985148110017e-01
-9.407912250753e-01 -2.780708555035e-01 -9.589872858217e-01 -2.834490882545e-01 -9.771833465682e-01 -2.888273210055e-01 -9.589872858217e-01 -2.834490882545e-01
-9.444498792013e-01 -2.630539785247e-01 -9.633317664951e-01 -2.683130776935e-01 -9.822136537890e-01 -2.735721768623e-01 -9.633317664951e-01 -2.683130776935e-01
-9.478998438091e-01 -2.479989326940e-01 -9.674373665844e-01 -2.531105326457e-01 -9.869748893598e-01 -2.582221325973e-01 -9.674373665844e-01 -2.531105326457e-01
-9.511415129039e-01 -2.329082164277e-01 -9.713030680103e-01 -2.378452229367e-01 -9.914646231166e-01 -2.427822294458e-01 -9.713030680103e-01 -2.378452229367e-01
-9.541752724344e-01 -2.177842793576e-01 -9.749279121818e-01 -2.225209339563e-01 -9.956805519292e-01 -2.272575885550e-01 -9.749279121818e-01 -2.225209339563e-01
-9.570014975420e-01 -2.026295246082e-01 -9.783110002344e-01 -2.071414657193e-01 -9.996205029268e-01 -2.116534068305e-01 -9.783110002344e-01 -2.071414657193e-01
-9.596205499522e-01 -1.874463112066e-01 -9.814514932524e-01 -1.917106319237e-01 -1.003282436553e+00 -1.959749526409e-01 -9.814514932524e-01 -1.917106319237e-01
-9.620327755135e-01 -1.722369566191e-01 -9.843486124774e-01 -1.762322590047e-01 -1.006664449441e+00 -1.802275613903e-01 -9.843486124774e-01 -1.762322590047e-01
-9.642385018914e-01 -1.570037394069e-01 -9.870016395009e-01 -1.607101851859e-01 -1.009764777110e+00 -1.644166309650e-01 -9.870016395009e-01 -1.607101851859e-01
-9.662380364207e-01 -1.417489019921e-01 -9.894099164432e-01 -1.451482595277e-01 -1.012581796466e+00 -1.485476170633e-01 -9.894099164432e-01 -1.451482595277e-01
-9.680316641231e-01 -1.264746535270e-01 -9.915728461157e-01 -1.295503409725e-01 -1.015114028108e+00 -1.326260284179e-01 -9.915728461157e-01 -1.295503409725e-01
-9.696196458946e-01 -1.111831728578e-01 -9.934898921695e-01 -1.139202973880e-01 -1.017360138444e+00 -1.166574219182e-01 -9.934898921695e-01 -1.139202973880e-01
-9.710022168654e-01 -9.587661157388e-02 -9.951605792285e-01 -9.826200460833e-02 -1.019318941592e+00 -1.006473976428e-01 -9.951605792285e-01 -9.826200460833e-02
-9.721795849390e-01 -8.055709713445e-02 -9.965844930067e-01 -8.257934547233e-02 -1.020989401074e+00 -8.460159381021e-02 -9.965844930067e-01 -8.257934547233e-02
-9.731519295113e-01 -6.522673606341e-02 -9.977612804115e-01 -6.687620886121e-02 -1.022370631312e+00 -6.852568165902e-02 -9.977612804115e-01 -6.687620886121e-02
-9.739194003743e-01 -4.988761720308e-02 -9.986906496310e-01 -5.115648873401e-02 -1.023461898888e+00 -5.242536026495e-02 -9.986906496310e-01 -5.115648873401e-02
-9.744821168071e-01 -3.454181501794e-02 -9.993723702065e-01 -3.542408316205e-02 -1.024262623606e+00 -3.630635130617e-02 -9.993723702065e-01 -3.542408316205e-02
-9.748401668550e-01 -1.919139293876e-02 -9.998062730894e-01 -1.968289336230e-02 -1.024772379324e+00 -2.017439378584e-02 -9.998062730894e-01 -1.968289336230e-02
-9.749936068003e-01 -3.838406737861e-03 -9.999922506834e-01 -3.936822729975e-03 -1.024990894566e+00 -4.035238722090e-03 -9.999922506834e-01 -3.936822729975e-03
-9.749424608241e-01 1.151509207414e-02 -9.999302568710e-01 1.181022412938e-02 -1.024918052918e+00 1.210535618463e-02 -9.999302568710e-01 1.181022412938e-02
-9.746867208622e-01 2.686705283956e-02 -9.996203070250e-01 2.755434236816e-02 -1.024553893188e+00 2.824163189676e-02 -9.996203070250e-01 2.755434236816e-02
-9.742263466525e-01 4.221542234251e-02 -9.990624780047e-01 4.329162786496e-02 -1.023898609357e+00 4.436783338741e-02 -9.990624780047e-01 4.329162786496e-02
-9.735612659770e-01 5.755814140491e-02 -9.982569081368e-01 5.901817819272e-02 -1.022952550297e+00 6.047821498054e-02 -9.982569081368e-01 5.901817819272e-02
-9.726913750954e-01 7.289314149932e-02 -9.972037971812e-01 7.473009358642e-02 -1.021716219267e+00 7.656704567353e-02 -9.972037971812e-01 7.473009358642e-02
-9.716165393702e-01 8.821834138805e-02 -9.959034062813e-01 9.042347791012e-02 -1.020190273192e+00 9.262861443218e-02 -9.959034062813e-01 9.042347791012e-02
-9.703365940821e-01 1.035316437981e-01 -9.943560578993e-01 1.060944396231e-01 -1.018375521717e+00 1.086572354480e-01 -9.943560578993e-01 1.060944396231e-01
-9.688513454327e-01 1.188309321411e-01 -9.925621357364e-01 1.217390927447e-01 -1.016272926040e+00 1.246472533484e-01 -9.925621357364e-01 1.217390927447e-01
-9.671605717337e-01 1.341140672880e-01 -9.905220846375e-01 1.373535578184e-01 -1.013883597541e+00 1.405930483488e-01 -9.905220846375e-01 1.373535578184e-01
-9.652640247782e-01 1.493788844073e-01 -9.882364104808e-01 1.529339628732e-01 -1.011208796183e+00 1.564890413392e-01 -9.882364104808e-01 1.529339628732e-01
-9.631614313914e-01 1.646231898758e-01 -9.857056800524e-01 1.684764443843e-01 -1.008249928713e+00 1.723296988928e-01 -9.857056800524e-01 1.684764443843e-01
-9.608524951577e-01 1.798447582710e-01 -9.829305209062e-01 1.839771482308e-01 -1.005008546655e+00 1.881095381906e-01 -9.829305209062e-01 1.839771482308e-01
-9.583368983188e-01 1.950413294537e-01 -9.799116212074e-01 1.994322306516e-01 -1.001486344096e+00 2.038231318495e-01 -9.799116212074e-01 1.994322306516e-01
-9.556143038392e-01 2.102106057492e-01 -9.766497295628e-01 2.148378591984e-01 -9.976851552863e-01 2.194651126476e-01 -9.766497295628e-01 2.148378591984e-01
-9.526843576338e-01 2.253502492354e-01 -9.731456548344e-01 2.301902136863e-01 -9.936069520350e-01 2.350301781371e-01 -9.731456548344e-01 2.301902136863e-01
-9.495466909521e-01 2.404578791460e-01 -9.694002659393e-01 2.454854871408e-01 -9.892538409266e-01 2.505130951356e-01 -9.694002659393e-01 2.454854871408e-01
-9.462009229140e-01 2.555310693957e-01 -9.654144916341e-01 2.607198867421e-01 -9.846280603543e-01 2.659087040885e-01 -9.654144916341e-01 2.607198867421e-01
-9.426466631901e-01 2.705673462366e-01 -9.611893202845e-01 2.758896347654e-01 -9.797319773789e-01 2.812119232942e-01 -9.611893202845e-01 2.758896347654e-01
-9.388835148208e-01 2.855641860503e-01 -9.567257996203e-01 2.909909695178e-01 -9.745680844198e-01 2.964177529852e-01 -9.567257996203e-01 2.909909695178e-01
-9.349110771670e-01 3.005190132858e-01 -9.520250364755e-01 3.060201462710e-01 -9.691389957841e-01 3.115212792562e-01 -9.520250364755e-01 3.060201462710e-01
-9.307289489861e-01 3.154291985464e-01 -9.470881965141e-01 3.209734381902e-01 -9.634474440421e-01 3.265176778339e-01 -9.470881965141e-01 3.209734381902e-01
-9.263367316245e-01 3.302920568342e-01 -9.419165039407e-01 3.358471372576e-01 -9.574962762569e-01 3.414022176810e-01 -9.419165039407e-01 3.358471372576e-01
-9.217340323201e-01 3.451048459574e-01 -9.365112411971e-01 3.506375551928e-01 -9.512884500740e-01 3.561702644281e-01 -9.365112411971e-01 3.506375551928e-01
-9.169204676067e-01 3.598647651047e-01 -9.308737486442e-01 3.653410243664e-01 -9.448270296817e-01 3.708172836281e-01 -9.308737486442e-01 3.653410243664e-01
-9.118956668113e-01 3.745689535934e-01 -9.250054242299e-01 3.799538987104e-01 -9.381151816486e-01 3.853388438273e-01 -9.250054242299e-01 3.799538987104e-01
-9.066592756366e-01 3.892144897953e-01 -9.189077231422e-01 3.944725546216e-01 -9.311561706478e-01 3.997306194479e-01 -9.189077231422e-01 3.944725546216e-01
-9.012109598200e-01 4.037983902437e-01 -9.125821574482e-01 4.088933918606e-01 -9.239533550764e-01 4.139883934774e-01 -9.125821574482e-01 4.088933918606e-01
-8.955504088595e-01 4.183176089275e-01 -9.060302957195e-01 4.232128344444e-01 -9.165101825795e-01 4.281080599613e-01 -9.060302957195e-01 4.232128344444e-01
-8.896773397985e-01 4.327690367731e-01 -8.992537626431e-01 4.374273315332e-01 -9.088301854877e-01 4.420856262934e-01 -8.992537626431e-01 4.374273315332e-01
-8.835915010593e-01 4.471495013193e-01 -8.922542386184e-01 4.515333583109e-01 -9.009169761775e-01 4.559172153025e-01 -8.922542386184e-01 4.515333583109e-01
-8.772926763166e-01 4.614557665867e-01 -8.850334593407e-01 4.655274168590e-01 -8.927742423649e-01 4.695990671312e-01 -8.850334593407e-01 4.655274168590e-01
-8.707806884015e-01 4.756845331437e-01 -8.775932153707e-01 4.794060370242e-01 -8.844057423400e-01 4.831275409046e-01 -8.775932153707e-01 4.794060370242e-01
-8.640554032256e-01 4.898324383712e-01 -8.699353516905e-01 4.931657772789e-01 -8.758153001553e-01 4.964991161867e-01 -8.699353516905e-01 4.931657772789e-01
-8.571167337174e-01 5.038960569261e-01 -8.620617672459e-01 5.068032255746e-01 -8.670068007744e-01 5.097103942232e-01 -8.620617672459e-01 5.068032255746e-01
-8.499646437587e-01 5.178719014063e-01 -8.539744144759e-01 5.203150001878e-01 -8.579841851932e-01 5.227580989694e-01 -8.539744144759e-01 5.203150001878e-01
-8.425991521139e-01 5.317564232147e-01 -8.456752988284e-01 5.336977505588e-01 -8.487514455428e-01 5.356390779030e-01 -8.456752988284e-01 5.336977505588e-01
-8.350203363412e-01 5.455460136250e-01 -8.371664782625e-01 5.469481581224e-01 -8.393126201839e-01 5.483503026199e-01 -8.371664782625e-01 5.469481581224e-01
-8.272283366749e-01 5.592370050458e-01 -8.284500627390e-01 5.600629371310e-01 -8.296717888030e-01 5.608888692162e-01 -8.284500627390e-01 5.600629371310e-01
-8.192233598724e-01 5.728256724843e-01 -8.195282136962e-01 5.730388354692e-01 -8.198330675201e-01 5.732519984540e-01 -8.195282136962e-01 5.730388354692e-01
-8.110056830121e-01 5.863082352059e-01 -8.104031435149e-01 5.858726354602e-01 -8.098006040178e-01 5.854370357146e-01 -8.104031435149e-01 5.858726354602e-01
-8.025756572365e-01 5.996808585891e-01 -8.010771149691e-01 5.985611546641e-01 -7.995785727017e-01 5.974414507390e-01 -8.010771149691e-01 5.985611546641e-01
-7.939337114281e-01 6.129396561730e-01 -7.915524406651e-01 6.111012466663e-01 -7.891711699020e-01 6.092628371597e-01 -7.915524406651e-01 6.111012466663e-01
-7.850803558111e-01 6.260806918936e-01 -7.818314824680e-01 6.234898018587e-01 -7.785826091250e-01 6.208989118238e-01 -7.818314824680e-01 6.234898018587e-01
-7.760161854675e-01 6.390999825064e-01 -7.719166509163e-01 6.357237482100e-01 -7.678171163651e-01 6.323475139135e-01 -7.719166509163e-01 6.357237482100e-01
-7.667418837614e-01 6.519935001908e-01 -7.618104046237e-01 6.478000520277e-01 -7.568789254861e-01 6.436066038645e-01 -7.618104046237e-01 6.478000520277e-01
-7.572582256591e-01 6.647571753330e-01 -7.515152496698e-01 6.597157187105e-01 -7.457722736804e-01 6.546742620881e-01 -7.515152496698e-01 6.597157187105e-01
-7.475660809402e-01 6.773868994816e-01 -7.410337389783e-01 6.714677934911e-01 -7.345013970164e-01 6.655486875007e-01 -7.410337389783e-01 6.714677934911e-01
-7.376664172883e-01 6.898785284712e-01 -7.303684716844e-01 6.830533621683e-01 -7.230705260805e-01 6.762281958654e-01 -7.303684716844e-01 6.830533621683e-01
-7.275603032545e-01 7.022278857095e-01 -7.195220924899e-01 6.944695518300e-01 -7.114838817253e-01 6.867112179505e-01 -7.195220924899e-01 6.944695518300e-01
-7.172489110861e-01 7.144307656201e-01 -7.084972910075e-01 7.057135315658e-01 -6.997456709289e-01 6.969962975114e-01 -7.084972910075e-01 7.057135315658e-01
-7.067335194123e-01 7.264829372370e-01 -6.972968010940e-01 7.167825131685e-01 -6.878600827757e-01 7.070820890999e-01 -6.972968010940e-01 7.167825131685e-01
-6.960155157789e-01 7.383801479419e-01 -6.859234001721e-01 7.276737518259e-01 -6.758312845653e-01 7.169673557099e-01 -6.859234001721e-01 7.276737518259e-01
-6.850963990273e-01 7.501181273398e-01 -6.743799085419e-01 7.383845468014e-01 -6.636634180565e-01 7.266509662630e-01 -6.743799085419e-01 7.383845468014e-01
-6.739777815081e-01 7.616925912634e-01 -6.626691886814e-01 7.489122421034e-01 -6.513605958546e-01 7.361318929434e-01 -6.626691886814e-01 7.489122421034e-01
-6.626613911262e-01 7.730992459006e-01 -6.507941445368e-01 7.592542271444e-01 -6.389268979474e-01 7.454092083881e-01 -6.507941445368e-01 7.592542271444e-01
-6.511490732080e-01 7.843337920357e-01 -6.387577208023e-01 7.694079373878e-01 -6.263663683967e-01 7.544820827400e-01 -6.387577208023e-01 7.694079373878e-01
-6.394427921884e-01 7.953919293970e-01 -6.265629021900e-01 7.793708549845e-01 -6.136830121917e-01 7.633497805719e-01 -6.265629021900e-01 7.793708549845e-01
-6.275446331101e-01 8.062693611028e-01 -6.142127126897e-01 7.891405093964e-01 -6.008807922692e-01 7.720116576900e-01 -6.142127126897e-01 7.891405093964e-01
-6.154568029316e-01 8.169617981958e-01 -6.017102148188e-01 7.987144780099e-01 -5.879636267061e-01 7.804671578241e-01 -6.017102148188e-01 7.987144780099e-01
-6.031816316385e-01 8.274649642585e-01 -5.890585088635e-01 8.080903867362e-01 -5.749353860885e-01 7.887158092139e-01 -5.890585088635e-01 8.080903867362e-01
-5.907215731554e-01 8.377746000995e-01 -5.762607321093e-01 8.172659106000e-01 -5.617998910632e-01 7.967572211005e-01 -5.762607321093e-01 8.172659106000e-01
-5.780792060541e-01 8.478864685017e-01 -5.633200580636e-01 8.262387743160e-01 -5.485609100731e-01 8.045910801303e-01 -5.633200580636e-01 8.262387743160e-01
-5.652572340544e-01 8.577963590237e-01 -5.502396956684e-01 8.350067528534e-01 -5.352221572823e-01 8.122171466831e-01 -5.502396956684e-01 8.350067528534e-01
-5.522584863161e-01 8.675000928438e-01 -5.370228885046e-01 8.435676719874e-01 -5.217872906931e-01 8.196352511310e-01 -5.370228885046e-01 8.435676719874e-01
-5.390859175193e-01 8.769935276369e-01 -5.236729139879e-01 8.519194088383e-01 -5.082599104564e-01 8.268452900397e-01 -5.236729139879e-01 8.519194088383e-01
-5.257426077313e-01 8.862725624764e-01 -5.101930825559e-01 8.600598923983e-01 -4.946435573805e-01 8.338472223201e-01 -5.101930825559e-01 8.600598923983e-01
-5.122317620584e-01 8.953331427482e-01 -4.965867368473e-01 8.679871040444e-01 -4.809417116363e-01 8.406410653406e-01 -4.965867368473e-01 8.679871040444e-01
-4.985567100826e-01 9.041712650695e-01 -4.828572508730e-01 8.756990780396e-01 -4.671577916634e-01 8.472268910097e-01 -4.828572508730e-01 8.756990780396e-01
-4.847209050824e-01 9.127829822012e-01 -4.690080291791e-01 8.831939020201e-01 -4.532951532759e-01 8.536048218390e-01 -4.690080291791e-01 8.831939020201e-01
-4.707279230374e-01 9.211644079442e-01 -4.550425060034e-01 8.904697174694e-01 -4.393570889694e-01 8.597750269947e-01 -4.550425060034e-01 8.904697174694e-01
-4.565814614181e-01 9.293117220098e-01 -4.409641444231e-01 8.975247201794e-01 -4.253468274281e-01 8.657377183491e-01 -4.409641444231e-01 8.975247201794e-01
-4.422853377609e-01 9.372211748533e-01 -4.267764354964e-01 9.043571606976e-01 -4.112675332319e-01 8.714931465419e-01 -4.267764354964e-01 9.043571606976e-01
-4.278434880308e-01 9.448890924631e-01 -4.124828973966e-01 9.109653447609e-01 -3.971223067625e-01 8.770415970586e-01 -4.124828973966e-01 9.109653447609e-01
-4.132599647731e-01 9.523118810931e-01 -3.980870745401e-01 9.173476337159e-01 -3.829141843070e-01 8.823833863387e-01 -3.980870745401e-01 9.173476337159e-01
-3.985389350566e-01 9.594860319300e-01 -3.835925367068e-01 9.235024449252e-01 -3.686461383569e-01 8.875188579205e-01 -3.835925367068e-01 9.235024449252e-01
-3.836846782118e-01 9.664081256857e-01 -3.690028781555e-01 9.294282521599e-01 -3.543210780993e-01 8.924483786340e-01 -3.690028781555e-01 9.294282521599e-01
-3.687015833656e-01 9.730748371056e-01 -3.543217167325e-01 9.351235859777e-01 -3.399418500995e-01 8.971723348497e-01 -3.543217167325e-01 9.351235859777e-01
-3.535941467790e-01 9.794829393825e-01 -3.395526929743e-01 9.405870340877e-01 -3.255112391695e-01 9.016911287929e-01 -3.395526929743e-01 9.405870340877e-01
-3.383669689896e-01 9.856293084686e-01 -3.246994692047e-01 9.458172417006e-01 -3.110319694198e-01 9.060051749327e-01 -3.246994692047e-01 9.458172417006e-01
-3.230247517641e-01 9.915109272751e-01 -3.097657286271e-01 9.508129118644e-01 -2.965067054901e-01 9.101148964538e-01 -3.097657286271e-01 9.508129118644e-01
-3.075722948671e-01 9.971248897518e-01 -2.947551744109e-01 9.555728057861e-01 -2.819380539547e-01 9.140207218205e-01 -2.947551744109e-01 9.555728057861e-01
-2.920144926496e-01 1.002468404838e+00 -2.796715287731e-01 9.600957431390e-01 -2.673285648967e-01 9.177230814401e-01 -2.796715287731e-01 9.600957431390e-01
-2.763563304645e-01 1.007538800276e+00 -2.645185320556e-01 9.643806023553e-01 -2.526807336468e-01 9.212224044349e-01 -2.645185320556e-01 9.643806023553e-01
-2.606028809144e-01 1.012333526279e+00 -2.492999417974e-01 9.684263209041e-01 -2.379970026804e-01 9.245191155291e-01 -2.492999417974e-01 9.684263209041e-01
-2.447592999393e-01 1.016850159050e+00 -2.340195318030e-01 9.722318955551e-01 -2.232797636667e-01 9.276136320601e-01 -2.340195318030e-01 9.722318955551e-01
-2.288308227493e-01 1.021086404136e+00 -2.186810912064e-01 9.757963826274e-01 -2.085313596635e-01 9.305063611191e-01 -2.186810912064e-01 9.757963826274e-01
-2.128227596118e-01 1.025040099616e+00 -2.032884235318e-01 9.791188982233e-01 -1.937540874519e-01 9.331976968300e-01 -2.032884235318e-01 9.791188982233e-01
-1.967404914989e-01 1.028709219124e+00 -1.878453457503e-01 9.821986184474e-01 -1.789502000018e-01 9.356880177711e-01 -1.878453457503e-01 9.821986184474e-01
-1.805894656034e-01 1.032091874675e+00 -1.723556873333e-01 9.850347796113e-01 -1.641219090633e-01 9.379776845476e-01 -1.723556873333e-01 9.850347796113e-01
-1.643751907323e-01 1.035186319326e+00 -1.568232893029e-01 9.876266784227e-01 -1.492713878735e-01 9.400670375194e-01 -1.568232893029e-01 9.876266784227e-01
-1.481032325852e-01 1.037990949629e+00 -1.412520032795e-01 9.899736721598e-01 -1.344007739739e-01 9.419563946905e-01 -1.412520032795e-01 9.899736721598e-01
-1.317792089264e-01 1.040504307897e+00 -1.256456905268e-01 9.920751788307e-01 -1.195121721272e-01 9.436460497643e-01 -1.256456905268e-01 9.920751788307e-01
-1.154087846605e-01 1.042725084266e+00 -1.100082209941e-01 9.939306773179e-01 -1.046076573277e-01 9.451362703699e-01 -1.100082209941e-01 9.939306773179e-01
-9.899766681893e-02 1.044652118551e+00 -9.434347235666e-02 9.955397075073e-01 -8.968927789440e-02 9.464272964638e-01 -9.434347235666e-02 9.955397075073e-01
-8.255159946914e-02 1.046284401894e+00 -7.865532905443e-02 9.969018704022e-01 -7.475905863971e-02 9.475193389104e-01 -7.865532905443e-02 9.969018704022e-01
-6.607635855300e-02 1.047621078200e+00 -6.294768132848e-02 9.980168282225e-01 -5.981900410396e-02 9.484125782447e-01 -6.294768132848e-02 9.980168282225e-01
-4.957774666639e-02 1.048661445357e+00 -4.722442425650e-02 9.988843044886e-01 -4.487110184661e-02 9.491071636203e-01 -4.722442425650e-02 9.988843044886e-01
-3.306158778865e-02 1.049404956233e+00 -3.148945678688e-02 9.995040840893e-01 -2.991732578511e-02 9.496032119458e-01 -3.148945678688e-02 9.995040840893e-01
-1.653372197184e-02 1.049851219462e+00 -1.574668077186e-02 9.998760133360e-01 -1.495963957187e-02 9.499008072101e-01 -1.574668077186e-02 9.998760133360e-01
-2.571758278209e-16 1.050000000000e+00 -2.449293598295e-16 1.000000000000e+00 -2.326828918380e-16 9.500000000000e-01 -2.449293598295e-16 1.000000000000e+00
