t_ms En_euler En_rk2 En_rk4
0.000000000000e+00 0.000000000000e+00 0.000000000000e+00 0.000000000000e+00
5.000000000000e-02 3.428277546587e-03 4.114229204766e-07 1.974348211237e-11
1.000000000000e-01 6.851500447193e-03 4.113585805183e-06 2.764371670279e-10
1.500000000000e-01 1.025556412260e-02 1.109937667418e-05 7.695457621451e-10
2.000000000000e-01 1.362637584197e-02 2.135355698390e-05 1.498072446095e-09
2.500000000000e-01 1.694987902200e-02 3.485277114924e-05 2.460370947521e-09
3.000000000000e-01 2.021207763811e-02 5.156556356014e-05 3.654204514597e-09
3.500000000000e-01 2.339906076144e-02 7.145240308237e-05 5.076741998449e-09
4.000000000000e-01 2.649702723454e-02 9.446571538243e-05 6.724615109935e-09
4.500000000000e-01 2.949231049742e-02 1.205499231866e-04 8.593912865434e-09
5.000000000000e-01 3.237140357316e-02 1.496414951187e-04 1.068003016225e-08
5.500000000000e-01 3.512098422173e-02 1.816690026366e-04 1.297788819698e-08
6.000000000000e-01 3.772794026647e-02 2.165531863201e-04 1.548184374034e-08
6.500000000000e-01 4.017939509664e-02 2.542070313019e-04 1.818563887442e-08
7.000000000000e-01 4.246273334564e-02 2.945358523662e-04 2.108251609971e-08
7.500000000000e-01 4.456562674140e-02 3.374373894729e-04 2.416514617063e-08
8.000000000000e-01 4.647606012223e-02 3.828019136983e-04 2.742563830485e-08
8.500000000000e-01 4.818235760715e-02 4.305123444312e-04 3.085563335125e-08
9.000000000000e-01 4.967320890595e-02 4.804443783038e-04 3.444620927479e-08
9.500000000000e-01 5.093769574954e-02 5.324666302838e-04 3.818791106298e-08
1.000000000000e+00 5.196531841699e-02 5.864407875026e-04 4.207086423612e-08
1.050000000000e+00 5.274602233010e-02 6.422217766665e-04 4.608459568153e-08
1.100000000000e+00 5.327022468200e-02 6.996579450127e-04 5.021827257259e-08
1.150000000000e+00 5.352884106004e-02 7.585912560757e-04 5.446054396650e-08
1.200000000000e+00 5.351331201855e-02 8.188575004856e-04 5.879957049081e-08
1.250000000000e+00 5.321562955119e-02 8.802865221394e-04 6.322313863167e-08
1.300000000000e+00 5.262836340587e-02 9.427024607434e-04 6.771862849861e-08
1.350000000000e+00 5.174468718085e-02 1.005924011014e-03 7.227302384395e-08
1.400000000000e+00 5.055840413313e-02 1.069764699025e-03 7.687285900301e-08
1.450000000000e+00 4.906397262538e-02 1.134033175986e-03 8.150444136084e-08
1.500000000000e+00 4.725653113055e-02 1.198533530399e-03 8.615365170892e-08
1.550000000000e+00 4.513192270845e-02 1.263065618283e-03 9.080608356845e-08
1.600000000000e+00 4.268671886163e-02 1.327425412162e-03 9.544707797281e-08
1.650000000000e+00 3.991824267310e-02 1.391405368979e-03 1.000617166021e-07
1.700000000000e+00 3.682459112209e-02 1.454794817126e-03 1.046348155874e-07
1.750000000000e+00 3.340465646982e-02 1.517380362526e-03 1.091510271655e-07
1.800000000000e+00 2.965814660123e-02 1.578946313883e-03 1.135948144796e-07
1.850000000000e+00 2.558560420531e-02 1.639275126915e-03 1.179505560176e-07
1.900000000000e+00 2.118842467148e-02 1.698147867522e-03 1.222024366711e-07
1.950000000000e+00 1.646887257733e-02 1.755344693170e-03 1.263346407183e-07
2.000000000000e+00 1.143009663906e-02 1.810645352594e-03 1.303312884210e-07
2.050000000000e+00 6.076142994532e-03 1.863829702716e-03 1.341765678901e-07
2.100000000000e+00 4.119666868553e-04 1.914678242567e-03 1.378546089223e-07
2.150000000000e+00 5.556558782970e-03 1.962972662821e-03 1.413497261257e-07
2.200000000000e+00 1.182263396700e-02 2.008496410487e-03 1.446462953243e-07
2.250000000000e+00 1.837852817510e-02 2.051035267349e-03 1.477288478161e-07
2.300000000000e+00 2.521557650147e-02 2.090377940846e-03 1.505821666139e-07
2.350000000000e+00 3.232417929816e-02 2.126316666211e-03 1.531912531491e-07
2.400000000000e+00 3.969380421520e-02 2.158647817967e-03 1.555414261466e-07
2.450000000000e+00 4.731299092212e-02 2.187172529349e-03 1.576183563737e-07
2.500000000000e+00 5.516935861820e-02 2.211697317683e-03 1.594080363399e-07
2.550000000000e+00 6.324961643054e-02 2.232034713529e-03 1.608969710469e-07
2.600000000000e+00 7.153957678998e-02 2.248003891830e-03 1.620720838158e-07
2.650000000000e+00 8.002417186375e-02 2.259431302301e-03 1.629207987595e-07
2.700000000000e+00 8.868747311229e-02 2.266151297061e-03 1.634312132473e-07
2.750000000000e+00 9.751271402438e-02 2.268006752854e-03 1.635919166393e-07
2.800000000000e+00 1.064823160702e-01 2.264849685083e-03 1.633922081034e-07
2.850000000000e+00 1.155779178969e-01 2.256541851149e-03 1.628220935522e-07
2.900000000000e+00 1.247804077755e-01 2.242955340306e-03 1.618722935414e-07
2.950000000000e+00 1.340699592884e-01 2.223973147004e-03 1.605343292752e-07
3.000000000000e+00 1.434260702323e-01 2.199489725051e-03 1.588005417652e-07
3.050000000000e+00 1.528276046884e-01 2.169411519619e-03 1.566641218165e-07
3.100000000000e+00 1.622528381959e-01 2.133657474105e-03 1.541191845360e-07
3.150000000000e+00 1.716795059425e-01 2.092159509156e-03 1.511607423580e-07
3.200000000000e+00 1.810848538670e-01 2.044862970825e-03 1.477847895576e-07
3.250000000000e+00 1.904456925485e-01 1.991727045242e-03 1.439883186479e-07
3.300000000000e+00 1.997384537360e-01 1.932725136999e-03 1.397693582525e-07
3.350000000000e+00 2.089392493540e-01 1.867845208826e-03 1.351269533473e-07
3.400000000000e+00 2.180239327990e-01 1.797090079993e-03 1.300612344703e-07
3.450000000000e+00 2.269681623237e-01 1.720477681176e-03 1.245734178183e-07
3.500000000000e+00 2.357474662885e-01 1.638041263800e-03 1.186658150005e-07
3.550000000000e+00 2.443373100427e-01 1.549829561878e-03 1.123418637935e-07
3.600000000000e+00 2.527131641832e-01 1.455906904695e-03 1.056061231242e-07
3.650000000000e+00 2.608505739237e-01 1.356353278922e-03 9.846426610993e-08
3.700000000000e+00 2.687252292967e-01 1.251264338991e-03 9.092310524618e-08
3.750000000000e+00 2.763130358983e-01 1.140751364837e-03 8.299055876241e-08
3.800000000000e+00 2.835901858794e-01 1.024941166352e-03 7.467570596646e-08
3.850000000000e+00 2.905332288801e-01 9.039759343153e-04 6.598870394239e-08
3.900000000000e+00 2.971191425973e-01 7.780130377790e-04 5.694079318146e-08
3.950000000000e+00 3.033254026789e-01 6.472247680217e-04 4.754433545114e-08
4.000000000000e+00 3.091300516330e-01 5.117980300189e-04 3.781267859959e-08
4.050000000000e+00 3.145117664460e-01 3.719339819990e-04 2.776025885969e-08
4.100000000000e+00 3.194499246093e-01 2.278476245276e-04 1.740248457188e-08
4.150000000000e+00 3.239246682595e-01 7.976734056047e-05 6.755743557624e-09
4.200000000000e+00 3.279169661476e-01 7.206561172860e-05 4.162682488253e-09
4.250000000000e+00 3.314086731660e-01 2.273976512960e-04 1.533457964578e-08
4.300000000000e+00 3.343825871728e-01 3.859634692685e-04 2.674091322102e-08
4.350000000000e+00 3.368225028727e-01 5.474866643031e-04 3.836182636759e-08
4.400000000000e+00 3.387132625284e-01 7.116804152536e-04 5.017671970748e-08
4.450000000000e+00 3.400408032967e-01 8.782481882742e-04 6.216429765142e-08
4.500000000000e+00 3.407922010050e-01 1.046884475065e-03 7.430261547927e-08
4.550000000000e+00 3.409557102053e-01 1.217275559038e-03 8.656912699776e-08
4.600000000000e+00 3.405208003642e-01 1.389100305863e-03 9.894073258960e-08
4.650000000000e+00 3.394781880753e-01 1.562030974730e-03 1.113938956753e-07
4.700000000000e+00 3.378198651995e-01 1.735734047004e-03 1.239046111959e-07
4.750000000000e+00 3.355391228669e-01 1.909871068258e-03 1.364485445058e-07
4.800000000000e+00 3.326305712982e-01 2.084099500145e-03 1.490010673662e-07
4.850000000000e+00 3.290901554261e-01 2.258073578573e-03 1.615372820619e-07
4.900000000000e+00 3.249151663240e-01 2.431445174280e-03 1.740321580498e-07
4.950000000000e+00 3.201042484695e-01 2.603864652485e-03 1.864605088335e-07
5.000000000000e+00 3.146574028974e-01 2.774981727990e-03 1.987971375159e-07
5.050000000000e+00 3.085759863132e-01 2.944446312504e-03 2.110168450434e-07
5.100000000000e+00 3.018627062634e-01 3.111909350943e-03 2.230944710393e-07
5.150000000000e+00 2.945216124753e-01 3.277023643513e-03 2.350050230609e-07
5.200000000000e+00 2.865580844968e-01 3.439444650976e-03 2.467236911365e-07
5.250000000000e+00 2.779788157853e-01 3.598831280162e-03 2.582258943233e-07
5.300000000000e+00 2.687917944052e-01 3.754846647311e-03 2.694873476865e-07
5.350000000000e+00 2.590062805107e-01 3.907158817061e-03 2.804841382027e-07
5.400000000000e+00 2.486327807974e-01 4.055441514910e-03 2.911927535719e-07
5.450000000000e+00 2.376830201196e-01 4.199374811398e-03 3.015901089561e-07
5.500000000000e+00 2.261699104728e-01 4.338645776390e-03 3.116536606499e-07
5.550000000000e+00 2.141075175513e-01 4.472949102195e-03 3.213613612446e-07
5.600000000000e+00 2.015110250903e-01 4.601987694146e-03 3.306917907946e-07
5.650000000000e+00 1.883966972072e-01 4.725473228178e-03 3.396241187163e-07
5.700000000000e+00 1.747818389556e-01 4.843126674190e-03 3.481382299752e-07
5.750000000000e+00 1.606847553037e-01 4.954678785246e-03 3.562146936750e-07
5.800000000000e+00 1.461247087491e-01 5.059870552083e-03 3.638348072583e-07
5.850000000000e+00 1.311218757735e-01 5.158453622973e-03 3.709805835454e-07
5.900000000000e+00 1.156973023403e-01 5.250190689027e-03 3.776348898276e-07
5.950000000000e+00 9.987285862765e-02 5.334855835389e-03 3.837814305379e-07
6.000000000000e+00 8.367119318429e-02 5.412234858899e-03 3.894046630310e-07
6.050000000000e+00 6.711568668689e-02 5.482125552410e-03 3.944899747000e-07
6.100000000000e+00 5.023040546716e-02 5.544337957226e-03 3.990236390543e-07
6.150000000000e+00 3.304005496836e-02 5.598694584123e-03 4.029927493766e-07
6.200000000000e+00 1.556993328007e-02 5.645030603988e-03 4.063854123736e-07
6.250000000000e+00 2.154115111426e-03 5.683194009658e-03 4.091905489901e-07
6.300000000000e+00 2.010574522980e-02 5.713045749475e-03 4.113981072636e-07
6.350000000000e+00 3.825815705786e-02 5.734459834501e-03 4.129989054418e-07
6.400000000000e+00 5.658414042520e-02 5.747323420382e-03 4.139847562205e-07
6.450000000000e+00 7.505611924212e-02 5.751536865264e-03 4.143483743272e-07
6.500000000000e+00 9.364619499962e-02 5.747013765304e-03 4.140834564965e-07
6.550000000000e+00 1.123261894657e-01 5.733680969144e-03 4.131846534261e-07
6.600000000000e+00 1.310676865205e-01 5.711478572819e-03 4.116475421023e-07
6.650000000000e+00 1.498420730818e-01 5.680359896413e-03 4.094687052946e-07
6.700000000000e+00 1.686205790857e-01 5.640291444193e-03 4.066455975891e-07
6.750000000000e+00 1.873743164942e-01 5.591252849216e-03 4.031766684287e-07
6.800000000000e+00 2.060743173141e-01 5.533236804084e-03 3.990613147066e-07
6.850000000000e+00 2.246915706174e-01 5.466248979212e-03 3.942998346065e-07
6.900000000000e+00 2.431970585665e-01 5.390307929538e-03 3.888934462404e-07
6.950000000000e+00 2.615617914508e-01 5.305444991238e-03 3.828443493390e-07
7.000000000000e+00 2.797568417529e-01 5.211704169647e-03 3.761555976912e-07
7.050000000000e+00 2.977533772673e-01 5.109142019229e-03 3.688311635075e-07
7.100000000000e+00 3.155226933012e-01 4.997827516804e-03 3.608759394423e-07
7.150000000000e+00 3.330362439947e-01 4.877841929029e-03 3.522956580506e-07
7.200000000000e+00 3.502656728005e-01 4.749278674996e-03 3.430969392462e-07
7.250000000000e+00 3.671828421698e-01 4.612243184687e-03 3.332873180120e-07
7.300000000000e+00 3.837598624945e-01 4.466852754259e-03 3.228751062683e-07
7.350000000000e+00 3.999691203595e-01 4.313236398361e-03 3.118695499564e-07
7.400000000000e+00 4.157833061628e-01 4.151534700833e-03 3.002806112035e-07
7.450000000000e+00 4.311754411623e-01 3.981899663327e-03 2.881191706631e-07
7.500000000000e+00 4.461189040115e-01 3.804494553007e-03 2.753968972526e-07
7.550000000000e+00 4.605874568479e-01 3.619493749470e-03 2.621262662386e-07
7.600000000000e+00 4.745552709969e-01 3.427082590976e-03 2.483204960069e-07
7.650000000000e+00 4.879969523586e-01 3.227457220126e-03 2.339936531962e-07
7.700000000000e+00 5.008875665407e-01 3.020824429557e-03 2.191605102767e-07
7.750000000000e+00 5.132026638034e-01 2.807401506957e-03 2.038366545143e-07
7.800000000000e+00 5.249183038809e-01 2.587416079951e-03 1.880383704751e-07
7.850000000000e+00 5.360110807411e-01 2.361105960301e-03 1.717827112346e-07
7.900000000000e+00 5.464581473473e-01 2.128718987441e-03 1.550874470132e-07
7.950000000000e+00 5.562372404792e-01 1.890512870943e-03 1.379710158079e-07
8.000000000000e+00 5.653267056720e-01 1.646755031456e-03 1.204526412924e-07
8.050000000000e+00 5.737055223283e-01 1.397722440076e-03 1.025521628077e-07
8.100000000000e+00 5.813533290527e-01 1.143701455086e-03 8.429011528845e-08
8.150000000000e+00 5.882504492596e-01 8.849876558993e-04 6.568774861196e-08
8.200000000000e+00 5.943779170959e-01 6.218856735353e-04 4.676688320781e-08
8.250000000000e+00 5.997175037208e-01 3.547090166979e-04 2.755003565000e-08
8.300000000000e+00 6.042517439766e-01 8.377989310333e-05 8.060338944273e-09
8.350000000000e+00 6.079639634827e-01 1.905709752574e-04 1.167845334897e-08
8.400000000000e+00 6.108383061766e-01 4.680045431536e-04 3.164198256709e-08
8.450000000000e+00 6.128597623230e-01 7.481736408620e-04 5.180532009582e-08
8.500000000000e+00 6.140141970043e-01 1.030723181422e-03 7.214293972211e-08
8.550000000000e+00 6.142883790999e-01 1.315290377110e-03 9.262879258088e-08
8.600000000000e+00 6.136700107562e-01 1.601504966619e-03 1.132362782550e-07
8.650000000000e+00 6.121477573390e-01 1.888989453650e-03 1.339382360533e-07
8.700000000000e+00 6.097112778588e-01 2.177359358014e-03 1.547070394283e-07
8.750000000000e+00 6.063512558432e-01 2.466223480579e-03 1.755145455160e-07
8.800000000000e+00 6.020594306314e-01 2.755184182913e-03 1.963321895624e-07
8.850000000000e+00 5.968286290510e-01 3.043837682981e-03 2.171309138966e-07
8.900000000000e+00 5.906527974325e-01 3.331774367851e-03 2.378812421723e-07
8.950000000000e+00 5.835270339056e-01 3.618579124579e-03 2.585533335682e-07
9.000000000000e+00 5.754476209135e-01 3.903831690646e-03 2.791169546524e-07
9.050000000000e+00 5.664120578726e-01 4.187107024662e-03 2.995414934414e-07
9.100000000000e+00 5.564190938926e-01 4.467975698735e-03 3.197960577231e-07
9.150000000000e+00 5.454687604655e-01 4.746004313523e-03 3.398494289597e-07
9.200000000000e+00 5.335624040191e-01 5.020755936803e-03 3.596702049982e-07
9.250000000000e+00 5.207027182225e-01 5.291790566953e-03 3.792266523108e-07
9.300000000000e+00 5.068937759190e-01 5.558665621693e-03 3.984869354347e-07
9.350000000000e+00 4.921410605537e-01 5.820936453577e-03 4.174190142464e-07
9.400000000000e+00 4.764514969495e-01 6.078156892524e-03 4.359907310509e-07
9.450000000000e+00 4.598334812790e-01 6.329879816302e-03 4.541698791207e-07
9.500000000000e+00 4.422969100664e-01 6.575657749541e-03 4.719242316108e-07
9.550000000000e+00 4.238532080447e-01 6.815043491742e-03 4.892215727357e-07
9.600000000000e+00 4.045153546856e-01 7.047590774765e-03 5.060297102026e-07
9.650000000000e+00 3.842979092066e-01 7.272854949786e-03 5.223165533683e-07
9.700000000000e+00 3.632170338555e-01 7.490393703939e-03 5.380502579165e-07
9.750000000000e+00 3.412905152607e-01 7.699767806768e-03 5.531991408549e-07
9.800000000000e+00 3.185377836303e-01 7.900541885892e-03 5.677317883202e-07
9.850000000000e+00 2.949799295763e-01 8.092285231813e-03 5.816171242622e-07
9.900000000000e+00 2.706397183331e-01 8.274572630860e-03 5.948244609107e-07
9.950000000000e+00 2.455416011363e-01 8.446985225962e-03 6.073235521834e-07
1.000000000000e+01 2.197117235235e-01 8.609111403658e-03 6.190847142711e-07
1.005000000000e+01 1.931779303171e-01 8.760547706739e-03 6.300787569110e-07
1.010000000000e+01 1.659697670469e-01 8.900899770263e-03 6.402772384746e-07
1.015000000000e+01 1.381184775721e-01 9.029783280119e-03 6.496523387332e-07
1.020000000000e+01 1.096569976658e-01 9.146824951174e-03 6.581770989676e-07
1.025000000000e+01 8.061994432452e-02 9.251663523772e-03 6.658254076257e-07
1.030000000000e+01 5.104360057711e-02 9.343950775392e-03 6.725720310964e-07
1.035000000000e+01 2.096589557093e-02 9.423352544861e-03 6.783928201650e-07
1.040000000000e+01 9.573620275671e-03 9.489549766585e-03 6.832646815373e-07
1.045000000000e+01 4.053380525290e-02 9.542239510911e-03 6.871656158843e-07
1.050000000000e+01 7.187196165575e-02 9.581136027403e-03 6.900749539651e-07
1.055000000000e+01 1.035438765657e-01 9.605971787469e-03 6.919732470003e-07
1.060000000000e+01 1.355038682664e-01 9.616498521939e-03 6.928424851215e-07
1.065000000000e+01 1.677048384234e-01 9.612488249835e-03 6.926660777623e-07
1.070000000000e+01 2.000983301306e-01 9.593734293352e-03 6.914289881227e-07
1.075000000000e+01 2.326345919056e-01 9.560052275083e-03 6.891177592972e-07
1.080000000000e+01 2.652626476848e-01 9.511281092136e-03 6.857206509263e-07
1.085000000000e+01 2.979303728399e-01 9.447283862549e-03 6.812275781865e-07
1.090000000000e+01 3.305845762072e-01 9.367948838731e-03 6.756303151301e-07
1.095000000000e+01 3.631710880861e-01 9.273190282884e-03 6.689225441235e-07
1.100000000000e+01 3.956348541279e-01 9.162949299167e-03 6.610997935549e-07
1.105000000000e+01 4.279200350009e-01 9.037194617229e-03 6.521596181614e-07
1.110000000000e+01 4.599701116785e-01 8.895923322024e-03 6.421016234425e-07
1.115000000000e+01 4.917279961576e-01 8.739161524553e-03 6.309274770787e-07
1.120000000000e+01 5.231361473780e-01 8.566964968485e-03 6.186409851828e-07
1.125000000000e+01 5.541366920711e-01 8.379419567617e-03 6.052481330622e-07
1.130000000000e+01 5.846715502269e-01 8.176641869305e-03 5.907571122350e-07
1.135000000000e+01 6.146825648307e-01 7.958779439359e-03 5.751783220573e-07
1.140000000000e+01 6.441116354801e-01 7.726011163806e-03 5.585244466668e-07
1.145000000000e+01 6.729008554570e-01 7.478547463732e-03 5.408104275900e-07
1.150000000000e+01 7.009926517941e-01 7.216630419191e-03 5.220534773551e-07
1.155000000000e+01 7.283299278383e-01 6.940533798994e-03 5.022731117456e-07
1.160000000000e+01 7.548562077865e-01 6.650562993437e-03 4.814910989592e-07
1.165000000000e+01 7.805157826368e-01 6.347054847354e-03 4.597315058721e-07
1.170000000000e+01 8.052538569749e-01 6.030377391735e-03 4.370206268738e-07
1.175000000000e+01 8.290166959916e-01 5.700929472210e-03 4.133869756989e-07
1.180000000000e+01 8.517517721107e-01 5.359140273767e-03 3.888612499008e-07
1.185000000000e+01 8.734079105913e-01 5.005468741056e-03 3.634763245533e-07
1.190000000000e+01 8.939354334586e-01 4.640402894914e-03 3.372671389610e-07
1.195000000000e+01 9.132863011143e-01 4.264459045637e-03 3.102706805915e-07
1.200000000000e+01 9.314142509738e-01 3.878180904752e-03 2.825259530367e-07
1.205000000000e+01 9.482749324849e-01 3.482138597298e-03 2.540738027212e-07
1.210000000000e+01 9.638260378915e-01 3.076927577274e-03 2.249569686130e-07
1.215000000000e+01 9.780274281193e-01 2.663167449825e-03 1.952198885686e-07
1.220000000000e+01 9.908412531821e-01 2.241500703756e-03 1.649086836884e-07
1.225000000000e+01 1.002232066529e+00 1.812591359195e-03 1.340710362868e-07
1.230000000000e+01 1.012166932785e+00 1.377123535271e-03 1.027560641877e-07
1.235000000000e+01 1.020615528367e+00 9.357999433524e-04 7.101422594147e-08
1.240000000000e+01 1.027550234503e+00 4.893403119392e-04 3.889725736826e-08
1.245000000000e+01 1.032946222211e+00 3.847974968122e-05 6.457980007020e-09
1.250000000000e+01 1.036781528855e+00 4.160329467027e-04 2.624980131295e-08
1.255000000000e+01 1.039037125926e+00 8.734370324657e-04 5.917137980057e-08
1.260000000000e+01 1.039696977771e+00 1.332961595214e-03 9.225132063199e-08
1.265000000000e+01 1.038748091014e+00 1.793827368142e-03 1.254335786560e-07
1.270000000000e+01 1.036180554506e+00 2.255248568140e-03 1.586616278934e-07
1.275000000000e+01 1.031987569659e+00 2.716434750986e-03 1.918785909585e-07
1.280000000000e+01 1.026165471104e+00 3.176592675491e-03 2.250273793296e-07
1.285000000000e+01 1.018713737654e+00 3.634928168705e-03 2.580508325905e-07
1.290000000000e+01 1.009634993624e+00 4.090647984282e-03 2.908918448062e-07
1.295000000000e+01 9.989350005856e-01 4.542961646364e-03 3.234934890132e-07
1.300000000000e+01 9.866226397337e-01 4.991083271249e-03 3.557991621221e-07
1.305000000000e+01 9.727098850432e-01 5.434233359622e-03 3.877527043175e-07
1.310000000000e+01 9.572117674851e-01 5.871640552461e-03 4.192985493788e-07
1.315000000000e+01 9.401463305913e-01 6.302543343785e-03 4.503818260759e-07
1.320000000000e+01 9.215345777128e-01 6.726191744109e-03 4.809484445547e-07
1.325000000000e+01 9.014004113510e-01 7.141848888569e-03 5.109453031102e-07
1.330000000000e+01 8.797705649792e-01 7.548792584685e-03 5.403202981176e-07
1.335000000000e+01 8.566745278016e-01 7.946316794416e-03 5.690225103859e-07
1.340000000000e+01 8.321444629272e-01 8.333733046514e-03 5.970022623073e-07
1.345000000000e+01 8.062151194539e-01 8.710371775071e-03 6.242112378187e-07
1.350000000000e+01 7.789237389838e-01 9.075583581019e-03 6.506025521951e-07
1.355000000000e+01 7.503099570974e-01 9.428740413777e-03 6.761308616897e-07
1.360000000000e+01 7.204157003305e-01 9.769236670884e-03 7.007524118051e-07
1.365000000000e+01 6.892850791984e-01 1.009649021375e-02 7.244251476831e-07
1.370000000000e+01 6.569642778160e-01 1.040994329860e-02 7.471087520491e-07
1.375000000000e+01 6.235014406581e-01 1.070906342175e-02 7.687647006100e-07
1.380000000000e+01 5.889465569987e-01 1.099334407919e-02 7.893563792417e-07
1.385000000000e+01 5.533513435563e-01 1.126230544087e-02 8.088490291949e-07
1.390000000000e+01 5.167691258606e-01 1.151549494036e-02 8.272099213784e-07
1.395000000000e+01 4.792547188369e-01 1.175248778117e-02 8.444082371990e-07
1.400000000000e+01 4.408643070867e-01 1.197288736144e-02 8.604152780442e-07
1.405000000000e+01 4.016553253212e-01 1.217632561901e-02 8.752042830929e-07
1.410000000000e+01 3.616863393789e-01 1.236246329894e-02 8.887506527023e-07
1.415000000000e+01 3.210169282328e-01 1.253099014670e-02 9.010318366968e-07
1.420000000000e+01 2.797075673674e-01 1.268162502934e-02 9.120273524420e-07
1.425000000000e+01 2.378195138728e-01 1.281411598824e-02 9.217188656656e-07
1.430000000000e+01 1.954146935787e-01 1.292824022664e-02 9.300900932332e-07
1.435000000000e+01 1.525555905159e-01 1.302380403537e-02 9.371268792712e-07
1.440000000000e+01 1.093051389657e-01 1.310064266079e-02 9.428171380588e-07
1.445000000000e+01 6.572661832665e-02 1.315862011829e-02 9.471508394699e-07
1.450000000000e+01 2.188355099515e-02 1.319762895550e-02 9.501200150397e-07
1.455000000000e+01 2.216039657000e-02 1.321758996876e-02 9.517187414258e-07
1.460000000000e+01 6.634150946163e-02 1.321845187725e-02 9.519430586870e-07
1.465000000000e+01 1.105961165055e-01 1.320019095797e-02 9.507910831704e-07
1.470000000000e+01 1.548606789274e-01 1.316281064595e-02 9.482627964838e-07
1.475000000000e+01 1.990718754485e-01 1.310634110319e-02 9.443601377605e-07
1.480000000000e+01 2.431666837804e-01 1.303083876004e-02 9.390869240621e-07
1.485000000000e+01 2.870824585105e-01 1.293638583245e-02 9.324488795380e-07
1.490000000000e+01 3.307570053961e-01 1.282308981894e-02 9.244534732628e-07
1.495000000000e+01 3.741286521026e-01 1.269108297998e-02 9.151100160833e-07
1.500000000000e+01 4.171363154425e-01 1.254052180356e-02 9.044295453406e-07
1.505000000000e+01 4.597195651903e-01 1.237158645941e-02 8.924248189790e-07
1.510000000000e+01 5.018186845647e-01 1.218448024511e-02 8.791102482701e-07
1.515000000000e+01 5.433747274820e-01 1.197942902639e-02 8.645018547847e-07
1.520000000000e+01 5.843295727033e-01 1.175668067431e-02 8.486172937975e-07
1.525000000000e+01 6.246259750033e-01 1.151650450147e-02 8.314757324992e-07
1.530000000000e+01 6.642076135051e-01 1.125919069942e-02 8.130978166008e-07
1.535000000000e+01 7.030191373286e-01 1.098504977891e-02 7.935057034487e-07
1.540000000000e+01 7.410062087129e-01 1.069441201495e-02 7.727230140155e-07
1.545000000000e+01 7.781155437756e-01 1.038762689822e-02 7.507746417785e-07
1.550000000000e+01 8.142949510769e-01 1.006506259353e-02 7.276869228626e-07
1.555000000000e+01 8.494933681622e-01 9.727105407214e-03 7.034874943705e-07
1.560000000000e+01 8.836608962582e-01 9.374159264041e-03 6.782051992281e-07
1.565000000000e+01 9.167488332965e-01 9.006645193977e-03 6.518702249892e-07
1.570000000000e+01 9.487097054438e-01 8.625000830320e-03 6.245138282100e-07
1.575000000000e+01 9.794972973117e-01 8.229679918430e-03 5.961685434931e-07
1.580000000000e+01 1.009066681022e+00 7.821151836313e-03 5.668679577733e-07
1.585000000000e+01 1.037374244295e+00 7.399901126346e-03 5.366468014956e-07
1.590000000000e+01 1.064377717738e+00 6.966427038466e-03 5.055408558741e-07
1.595000000000e+01 1.090036201481e+00 6.521243084407e-03 4.735869472132e-07
1.600000000000e+01 1.114310191336e+00 6.064876602628e-03 4.408228410133e-07
