t h1_euler h1_rk2 h1_rk4
0.000000000000e+00 1.500000000000e-01 1.500000000000e-01 1.500000000000e-01
1.000000000000e+01 1.259226375533e-01 1.317198313772e-01 1.309013153189e-01
2.000000000000e+01 1.134396627544e-01 1.201229540520e-01 1.190978257687e-01
3.000000000000e+01 1.069678301285e-01 1.127659341868e-01 1.118029587197e-01
4.000000000000e+01 1.036124906991e-01 1.080986655956e-01 1.072945389818e-01
5.000000000000e+01 1.018729057411e-01 1.051377661414e-01 1.045082169837e-01
6.000000000000e+01 1.009710131340e-01 1.032593815132e-01 1.027861966908e-01
7.000000000000e+01 1.005034244306e-01 1.020677406399e-01 1.017219428496e-01
8.000000000000e+01 1.002610017810e-01 1.013117676886e-01 1.010642059792e-01
9.000000000000e+01 1.001353170914e-01 1.008321809978e-01 1.006577072905e-01
1.000000000000e+02 1.000701555183e-01 1.005279328185e-01 1.004064804074e-01
