t h1_exato h2_exato h_equilibrio
0.000000000000e+00 1.500000000000e-01 5.000000000000e-02 1.000000000000e-01
1.001001001001e-01 1.497595653092e-01 5.024043469076e-02 1.000000000000e-01
2.002002002002e-01 1.495202867953e-01 5.047971320470e-02 1.000000000000e-01
3.003003003003e-01 1.492821588985e-01 5.071784110154e-02 1.000000000000e-01
4.004004004004e-01 1.490451760858e-01 5.095482391423e-02 1.000000000000e-01
5.005005005005e-01 1.488093328509e-01 5.119066714914e-02 1.000000000000e-01
6.006006006006e-01 1.485746237139e-01 5.142537628614e-02 1.000000000000e-01
7.007007007007e-01 1.483410432212e-01 5.165895677877e-02 1.000000000000e-01
8.008008008008e-01 1.481085859457e-01 5.189141405432e-02 1.000000000000e-01
9.009009009009e-01 1.478772464860e-01 5.212275351402e-02 1.000000000000e-01
1.001001001001e+00 1.476470194669e-01 5.235298053308e-02 1.000000000000e-01
1.101101101101e+00 1.474178995391e-01 5.258210046090e-02 1.000000000000e-01
1.201201201201e+00 1.471898813789e-01 5.281011862114e-02 1.000000000000e-01
1.301301301301e+00 1.469629596881e-01 5.303704031187e-02 1.000000000000e-01
1.401401401401e+00 1.467371291943e-01 5.326287080566e-02 1.000000000000e-01
1.501501501502e+00 1.465123846502e-01 5.348761534975e-02 1.000000000000e-01
1.601601601602e+00 1.462887208339e-01 5.371127916615e-02 1.000000000000e-01
1.701701701702e+00 1.460661325483e-01 5.393386745173e-02 1.000000000000e-01
1.801801801802e+00 1.458446146216e-01 5.415538537841e-02 1.000000000000e-01
1.901901901902e+00 1.456241619068e-01 5.437583809320e-02 1.000000000000e-01
2.002002002002e+00 1.454047692816e-01 5.459523071838e-02 1.000000000000e-01
2.102102102102e+00 1.451864316484e-01 5.481356835160e-02 1.000000000000e-01
2.202202202202e+00 1.449691439340e-01 5.503085606600e-02 1.000000000000e-01
2.302302302302e+00 1.447529010897e-01 5.524709891031e-02 1.000000000000e-01
2.402402402402e+00 1.445376980910e-01 5.546230190899e-02 1.000000000000e-01
2.502502502503e+00 1.443235299377e-01 5.567647006234e-02 1.000000000000e-01
2.602602602603e+00 1.441103916534e-01 5.588960834661e-02 1.000000000000e-01
2.702702702703e+00 1.438982782859e-01 5.610172171414e-02 1.000000000000e-01
2.802802802803e+00 1.436871849066e-01 5.631281509343e-02 1.000000000000e-01
2.902902902903e+00 1.434771066107e-01 5.652289338929e-02 1.000000000000e-01
3.003003003003e+00 1.432680385170e-01 5.673196148295e-02 1.000000000000e-01
3.103103103103e+00 1.430599757678e-01 5.694002423216e-02 1.000000000000e-01
3.203203203203e+00 1.428529135287e-01 5.714708647132e-02 1.000000000000e-01
3.303303303303e+00 1.426468469884e-01 5.735315301156e-02 1.000000000000e-01
3.403403403403e+00 1.424417713591e-01 5.755822864091e-02 1.000000000000e-01
3.503503503504e+00 1.422376818756e-01 5.776231812435e-02 1.000000000000e-01
3.603603603604e+00 1.420345737960e-01 5.796542620395e-02 1.000000000000e-01
3.703703703704e+00 1.418324424010e-01 5.816755759899e-02 1.000000000000e-01
3.803803803804e+00 1.416312829940e-01 5.836871700603e-02 1.000000000000e-01
3.903903903904e+00 1.414310909009e-01 5.856890909908e-02 1.000000000000e-01
4.004004004004e+00 1.412318614703e-01 5.876813852965e-02 1.000000000000e-01
4.104104104104e+00 1.410335900731e-01 5.896640992689e-02 1.000000000000e-01
4.204204204204e+00 1.408362721023e-01 5.916372789769e-02 1.000000000000e-01
4.304304304304e+00 1.406399029732e-01 5.936009702678e-02 1.000000000000e-01
4.404404404404e+00 1.404444781231e-01 5.955552187686e-02 1.000000000000e-01
4.504504504505e+00 1.402499930113e-01 5.975000698867e-02 1.000000000000e-01
4.604604604605e+00 1.400564431189e-01 5.994355688112e-02 1.000000000000e-01
4.704704704705e+00 1.398638239486e-01 6.013617605140e-02 1.000000000000e-01
4.804804804805e+00 1.396721310249e-01 6.032786897507e-02 1.000000000000e-01
4.904904904905e+00 1.394813598938e-01 6.051864010617e-02 1.000000000000e-01
5.005005005005e+00 1.392915061227e-01 6.070849387730e-02 1.000000000000e-01
5.105105105105e+00 1.391025653002e-01 6.089743469978e-02 1.000000000000e-01
5.205205205205e+00 1.389145330363e-01 6.108546696370e-02 1.000000000000e-01
5.305305305305e+00 1.387274049620e-01 6.127259503803e-02 1.000000000000e-01
5.405405405405e+00 1.385411767293e-01 6.145882327075e-02 1.000000000000e-01
5.505505505506e+00 1.383558440111e-01 6.164415598891e-02 1.000000000000e-01
5.605605605606e+00 1.381714025012e-01 6.182859749878e-02 1.000000000000e-01
5.705705705706e+00 1.379878479141e-01 6.201215208591e-02 1.000000000000e-01
5.805805805806e+00 1.378051759848e-01 6.219482401522e-02 1.000000000000e-01
5.905905905906e+00 1.376233824688e-01 6.237661753116e-02 1.000000000000e-01
6.006006006006e+00 1.374424631423e-01 6.255753685774e-02 1.000000000000e-01
6.106106106106e+00 1.372624138013e-01 6.273758619868e-02 1.000000000000e-01
6.206206206206e+00 1.370832302625e-01 6.291676973746e-02 1.000000000000e-01
6.306306306306e+00 1.369049083625e-01 6.309509163747e-02 1.000000000000e-01
6.406406406406e+00 1.367274439579e-01 6.327255604206e-02 1.000000000000e-01
6.506506506507e+00 1.365508329253e-01 6.344916707467e-02 1.000000000000e-01
6.606606606607e+00 1.363750711611e-01 6.362492883890e-02 1.000000000000e-01
6.706706706707e+00 1.362001545814e-01 6.379984541862e-02 1.000000000000e-01
6.806806806807e+00 1.360260791219e-01 6.397392087806e-02 1.000000000000e-01
6.906906906907e+00 1.358528407381e-01 6.414715926192e-02 1.000000000000e-01
7.007007007007e+00 1.356804354046e-01 6.431956459543e-02 1.000000000000e-01
7.107107107107e+00 1.355088591155e-01 6.449114088448e-02 1.000000000000e-01
7.207207207207e+00 1.353381078843e-01 6.466189211569e-02 1.000000000000e-01
7.307307307307e+00 1.351681777435e-01 6.483182225652e-02 1.000000000000e-01
7.407407407407e+00 1.349990647447e-01 6.500093525532e-02 1.000000000000e-01
7.507507507508e+00 1.348307649585e-01 6.516923504149e-02 1.000000000000e-01
7.607607607608e+00 1.346632744745e-01 6.533672552553e-02 1.000000000000e-01
7.707707707708e+00 1.344965894009e-01 6.550341059911e-02 1.000000000000e-01
7.807807807808e+00 1.343307058648e-01 6.566929413520e-02 1.000000000000e-01
7.907907907908e+00 1.341656200118e-01 6.583437998816e-02 1.000000000000e-01
8.008008008008e+00 1.340013280062e-01 6.599867199380e-02 1.000000000000e-01
8.108108108108e+00 1.338378260305e-01 6.616217396949e-02 1.000000000000e-01
8.208208208208e+00 1.336751102858e-01 6.632488971425e-02 1.000000000000e-01
8.308308308308e+00 1.335131769912e-01 6.648682300880e-02 1.000000000000e-01
8.408408408408e+00 1.333520223843e-01 6.664797761572e-02 1.000000000000e-01
8.508508508509e+00 1.331916427205e-01 6.680835727949e-02 1.000000000000e-01
8.608608608609e+00 1.330320342734e-01 6.696796572655e-02 1.000000000000e-01
8.708708708709e+00 1.328731933345e-01 6.712680666546e-02 1.000000000000e-01
8.808808808809e+00 1.327151162131e-01 6.728488378694e-02 1.000000000000e-01
8.908908908909e+00 1.325577992361e-01 6.744220076393e-02 1.000000000000e-01
9.009009009009e+00 1.324012387482e-01 6.759876125175e-02 1.000000000000e-01
9.109109109109e+00 1.322454311119e-01 6.775456888813e-02 1.000000000000e-01
9.209209209209e+00 1.320903727067e-01 6.790962729328e-02 1.000000000000e-01
9.309309309309e+00 1.319360599300e-01 6.806394007004e-02 1.000000000000e-01
9.409409409409e+00 1.317824891961e-01 6.821751080391e-02 1.000000000000e-01
9.509509509510e+00 1.316296569369e-01 6.837034306313e-02 1.000000000000e-01
9.609609609610e+00 1.314775596012e-01 6.852244039882e-02 1.000000000000e-01
9.709709709710e+00 1.313261936550e-01 6.867380634499e-02 1.000000000000e-01
9.809809809810e+00 1.311755555813e-01 6.882444441867e-02 1.000000000000e-01
9.909909909910e+00 1.310256418800e-01 6.897435811998e-02 1.000000000000e-01
1.001001001001e+01 1.308764490678e-01 6.912355093220e-02 1.000000000000e-01
1.011011011011e+01 1.307279736781e-01 6.927202632187e-02 1.000000000000e-01
1.021021021021e+01 1.305802122612e-01 6.941978773884e-02 1.000000000000e-01
1.031031031031e+01 1.304331613836e-01 6.956683861641e-02 1.000000000000e-01
1.041041041041e+01 1.302868176287e-01 6.971318237133e-02 1.000000000000e-01
1.051051051051e+01 1.301411775961e-01 6.985882240394e-02 1.000000000000e-01
1.061061061061e+01 1.299962379018e-01 7.000376209823e-02 1.000000000000e-01
1.071071071071e+01 1.298519951781e-01 7.014800482191e-02 1.000000000000e-01
1.081081081081e+01 1.297084460735e-01 7.029155392649e-02 1.000000000000e-01
1.091091091091e+01 1.295655872526e-01 7.043441274738e-02 1.000000000000e-01
1.101101101101e+01 1.294234153961e-01 7.057658460394e-02 1.000000000000e-01
1.111111111111e+01 1.292819272004e-01 7.071807279958e-02 1.000000000000e-01
1.121121121121e+01 1.291411193782e-01 7.085888062180e-02 1.000000000000e-01
1.131131131131e+01 1.290009886577e-01 7.099901134232e-02 1.000000000000e-01
1.141141141141e+01 1.288615317829e-01 7.113846821711e-02 1.000000000000e-01
1.151151151151e+01 1.287227455135e-01 7.127725448649e-02 1.000000000000e-01
1.161161161161e+01 1.285846266248e-01 7.141537337520e-02 1.000000000000e-01
1.171171171171e+01 1.284471719075e-01 7.155282809246e-02 1.000000000000e-01
1.181181181181e+01 1.283103781679e-01 7.168962183207e-02 1.000000000000e-01
1.191191191191e+01 1.281742422275e-01 7.182575777247e-02 1.000000000000e-01
1.201201201201e+01 1.280387609232e-01 7.196123907682e-02 1.000000000000e-01
1.211211211211e+01 1.279039311069e-01 7.209606889305e-02 1.000000000000e-01
1.221221221221e+01 1.277697496460e-01 7.223025035398e-02 1.000000000000e-01
1.231231231231e+01 1.276362134226e-01 7.236378657735e-02 1.000000000000e-01
1.241241241241e+01 1.275033193341e-01 7.249668066591e-02 1.000000000000e-01
1.251251251251e+01 1.273710642925e-01 7.262893570749e-02 1.000000000000e-01
1.261261261261e+01 1.272394452249e-01 7.276055477507e-02 1.000000000000e-01
1.271271271271e+01 1.271084590731e-01 7.289154092685e-02 1.000000000000e-01
1.281281281281e+01 1.269781027937e-01 7.302189720633e-02 1.000000000000e-01
1.291291291291e+01 1.268483733576e-01 7.315162664238e-02 1.000000000000e-01
1.301301301301e+01 1.267192677507e-01 7.328073224929e-02 1.000000000000e-01
1.311311311311e+01 1.265907829731e-01 7.340921702687e-02 1.000000000000e-01
1.321321321321e+01 1.264629160395e-01 7.353708396049e-02 1.000000000000e-01
1.331331331331e+01 1.263356639788e-01 7.366433602118e-02 1.000000000000e-01
1.341341341341e+01 1.262090238343e-01 7.379097616568e-02 1.000000000000e-01
1.351351351351e+01 1.260829926635e-01 7.391700733649e-02 1.000000000000e-01
1.361361361361e+01 1.259575675380e-01 7.404243246199e-02 1.000000000000e-01
1.371371371371e+01 1.258327455435e-01 7.416725445647e-02 1.000000000000e-01
1.381381381381e+01 1.257085237798e-01 7.429147622019e-02 1.000000000000e-01
1.391391391391e+01 1.255848993605e-01 7.441510063949e-02 1.000000000000e-01
1.401401401401e+01 1.254618694132e-01 7.453813058681e-02 1.000000000000e-01
1.411411411411e+01 1.253394310792e-01 7.466056892077e-02 1.000000000000e-01
1.421421421421e+01 1.252175815137e-01 7.478241848628e-02 1.000000000000e-01
1.431431431431e+01 1.250963178855e-01 7.490368211454e-02 1.000000000000e-01
1.441441441441e+01 1.249756373769e-01 7.502436262314e-02 1.000000000000e-01
1.451451451451e+01 1.248555371839e-01 7.514446281612e-02 1.000000000000e-01
1.461461461461e+01 1.247360145159e-01 7.526398548405e-02 1.000000000000e-01
1.471471471471e+01 1.246170665959e-01 7.538293340407e-02 1.000000000000e-01
1.481481481481e+01 1.244986906600e-01 7.550130933995e-02 1.000000000000e-01
1.491491491491e+01 1.243808839578e-01 7.561911604221e-02 1.000000000000e-01
1.501501501502e+01 1.242636437519e-01 7.573635624811e-02 1.000000000000e-01
1.511511511512e+01 1.241469673183e-01 7.585303268175e-02 1.000000000000e-01
1.521521521522e+01 1.240308519459e-01 7.596914805415e-02 1.000000000000e-01
1.531531531532e+01 1.239152949367e-01 7.608470506327e-02 1.000000000000e-01
1.541541541542e+01 1.238002936059e-01 7.619970639412e-02 1.000000000000e-01
1.551551551552e+01 1.236858452812e-01 7.631415471878e-02 1.000000000000e-01
1.561561561562e+01 1.235719473035e-01 7.642805269649e-02 1.000000000000e-01
1.571571571572e+01 1.234585970263e-01 7.654140297370e-02 1.000000000000e-01
1.581581581582e+01 1.233457918159e-01 7.665420818414e-02 1.000000000000e-01
1.591591591592e+01 1.232335290512e-01 7.676647094885e-02 1.000000000000e-01
1.601601601602e+01 1.231218061237e-01 7.687819387630e-02 1.000000000000e-01
1.611611611612e+01 1.230106204376e-01 7.698937956240e-02 1.000000000000e-01
1.621621621622e+01 1.228999694094e-01 7.710003059059e-02 1.000000000000e-01
1.631631631632e+01 1.227898504681e-01 7.721014953185e-02 1.000000000000e-01
1.641641641642e+01 1.226802610552e-01 7.731973894485e-02 1.000000000000e-01
1.651651651652e+01 1.225711986241e-01 7.742880137591e-02 1.000000000000e-01
1.661661661662e+01 1.224626606409e-01 7.753733935913e-02 1.000000000000e-01
1.671671671672e+01 1.223546445836e-01 7.764535541643e-02 1.000000000000e-01
1.681681681682e+01 1.222471479424e-01 7.775285205758e-02 1.000000000000e-01
1.691691691692e+01 1.221401682197e-01 7.785983178029e-02 1.000000000000e-01
1.701701701702e+01 1.220337029297e-01 7.796629707028e-02 1.000000000000e-01
1.711711711712e+01 1.219277495987e-01 7.807225040128e-02 1.000000000000e-01
1.721721721722e+01 1.218223057648e-01 7.817769423515e-02 1.000000000000e-01
1.731731731732e+01 1.217173689781e-01 7.828263102192e-02 1.000000000000e-01
1.741741741742e+01 1.216129368002e-01 7.838706319980e-02 1.000000000000e-01
1.751751751752e+01 1.215090068047e-01 7.849099319532e-02 1.000000000000e-01
1.761761761762e+01 1.214055765767e-01 7.859442342331e-02 1.000000000000e-01
1.771771771772e+01 1.213026437130e-01 7.869735628701e-02 1.000000000000e-01
1.781781781782e+01 1.212002058219e-01 7.879979417808e-02 1.000000000000e-01
1.791791791792e+01 1.210982605233e-01 7.890173947669e-02 1.000000000000e-01
1.801801801802e+01 1.209968054484e-01 7.900319455158e-02 1.000000000000e-01
1.811811811812e+01 1.208958382399e-01 7.910416176008e-02 1.000000000000e-01
1.821821821822e+01 1.207953565518e-01 7.920464344819e-02 1.000000000000e-01
1.831831831832e+01 1.206953580494e-01 7.930464195062e-02 1.000000000000e-01
1.841841841842e+01 1.205958404091e-01 7.940415959088e-02 1.000000000000e-01
1.851851851852e+01 1.204968013187e-01 7.950319868127e-02 1.000000000000e-01
1.861861861862e+01 1.203982384770e-01 7.960176152300e-02 1.000000000000e-01
1.871871871872e+01 1.203001495938e-01 7.969985040620e-02 1.000000000000e-01
1.881881881882e+01 1.202025323900e-01 7.979746761000e-02 1.000000000000e-01
1.891891891892e+01 1.201053845974e-01 7.989461540256e-02 1.000000000000e-01
1.901901901902e+01 1.200087039589e-01 7.999129604112e-02 1.000000000000e-01
1.911911911912e+01 1.199124882279e-01 8.008751177210e-02 1.000000000000e-01
1.921921921922e+01 1.198167351689e-01 8.018326483108e-02 1.000000000000e-01
1.931931931932e+01 1.197214425571e-01 8.027855744293e-02 1.000000000000e-01
1.941941941942e+01 1.196266081782e-01 8.037339182178e-02 1.000000000000e-01
1.951951951952e+01 1.195322298289e-01 8.046777017114e-02 1.000000000000e-01
1.961961961962e+01 1.194383053161e-01 8.056169468391e-02 1.000000000000e-01
1.971971971972e+01 1.193448324575e-01 8.065516754246e-02 1.000000000000e-01
1.981981981982e+01 1.192518090813e-01 8.074819091865e-02 1.000000000000e-01
1.991991991992e+01 1.191592330261e-01 8.084076697391e-02 1.000000000000e-01
2.002002002002e+01 1.190671021407e-01 8.093289785927e-02 1.000000000000e-01
2.012012012012e+01 1.189754142846e-01 8.102458571541e-02 1.000000000000e-01
2.022022022022e+01 1.188841673273e-01 8.111583267272e-02 1.000000000000e-01
2.032032032032e+01 1.187933591487e-01 8.120664085135e-02 1.000000000000e-01
2.042042042042e+01 1.187029876387e-01 8.129701236125e-02 1.000000000000e-01
2.052052052052e+01 1.186130506978e-01 8.138694930224e-02 1.000000000000e-01
2.062062062062e+01 1.185235462360e-01 8.147645376401e-02 1.000000000000e-01
2.072072072072e+01 1.184344721738e-01 8.156552782623e-02 1.000000000000e-01
2.082082082082e+01 1.183458264414e-01 8.165417355855e-02 1.000000000000e-01
2.092092092092e+01 1.182576069793e-01 8.174239302070e-02 1.000000000000e-01
2.102102102102e+01 1.181698117375e-01 8.183018826246e-02 1.000000000000e-01
2.112112112112e+01 1.180824386762e-01 8.191756132378e-02 1.000000000000e-01
2.122122122122e+01 1.179954857652e-01 8.200451423481e-02 1.000000000000e-01
2.132132132132e+01 1.179089509841e-01 8.209104901591e-02 1.000000000000e-01
2.142142142142e+01 1.178228323223e-01 8.217716767774e-02 1.000000000000e-01
2.152152152152e+01 1.177371277787e-01 8.226287222130e-02 1.000000000000e-01
2.162162162162e+01 1.176518353621e-01 8.234816463794e-02 1.000000000000e-01
2.172172172172e+01 1.175669530905e-01 8.243304690948e-02 1.000000000000e-01
2.182182182182e+01 1.174824789918e-01 8.251752100815e-02 1.000000000000e-01
2.192192192192e+01 1.173984111032e-01 8.260158889676e-02 1.000000000000e-01
2.202202202202e+01 1.173147474714e-01 8.268525252862e-02 1.000000000000e-01
2.212212212212e+01 1.172314861523e-01 8.276851384770e-02 1.000000000000e-01
2.222222222222e+01 1.171486252114e-01 8.285137478858e-02 1.000000000000e-01
2.232232232232e+01 1.170661627234e-01 8.293383727658e-02 1.000000000000e-01
2.242242242242e+01 1.169840967723e-01 8.301590322771e-02 1.000000000000e-01
2.252252252252e+01 1.169024254512e-01 8.309757454882e-02 1.000000000000e-01
2.262262262262e+01 1.168211468625e-01 8.317885313755e-02 1.000000000000e-01
2.272272272272e+01 1.167402591176e-01 8.325974088243e-02 1.000000000000e-01
2.282282282282e+01 1.166597603371e-01 8.334023966291e-02 1.000000000000e-01
2.292292292292e+01 1.165796486506e-01 8.342035134940e-02 1.000000000000e-01
2.302302302302e+01 1.164999221967e-01 8.350007780333e-02 1.000000000000e-01
2.312312312312e+01 1.164205791229e-01 8.357942087715e-02 1.000000000000e-01
2.322322322322e+01 1.163416175856e-01 8.365838241441e-02 1.000000000000e-01
2.332332332332e+01 1.162630357502e-01 8.373696424983e-02 1.000000000000e-01
2.342342342342e+01 1.161848317907e-01 8.381516820926e-02 1.000000000000e-01
2.352352352352e+01 1.161070038902e-01 8.389299610979e-02 1.000000000000e-01
2.362362362362e+01 1.160295502402e-01 8.397044975977e-02 1.000000000000e-01
2.372372372372e+01 1.159524690411e-01 8.404753095887e-02 1.000000000000e-01
2.382382382382e+01 1.158757585019e-01 8.412424149809e-02 1.000000000000e-01
2.392392392392e+01 1.157994168402e-01 8.420058315981e-02 1.000000000000e-01
2.402402402402e+01 1.157234422822e-01 8.427655771785e-02 1.000000000000e-01
2.412412412412e+01 1.156478330625e-01 8.435216693750e-02 1.000000000000e-01
2.422422422422e+01 1.155725874244e-01 8.442741257557e-02 1.000000000000e-01
2.432432432432e+01 1.154977036196e-01 8.450229638041e-02 1.000000000000e-01
2.442442442442e+01 1.154231799080e-01 8.457682009195e-02 1.000000000000e-01
2.452452452452e+01 1.153490145582e-01 8.465098544178e-02 1.000000000000e-01
2.462462462462e+01 1.152752058468e-01 8.472479415316e-02 1.000000000000e-01
2.472472472472e+01 1.152017520590e-01 8.479824794104e-02 1.000000000000e-01
2.482482482482e+01 1.151286514879e-01 8.487134851215e-02 1.000000000000e-01
2.492492492492e+01 1.150559024350e-01 8.494409756499e-02 1.000000000000e-01
2.502502502503e+01 1.149835032101e-01 8.501649678991e-02 1.000000000000e-01
2.512512512513e+01 1.149114521309e-01 8.508854786912e-02 1.000000000000e-01
2.522522522523e+01 1.148397475232e-01 8.516025247676e-02 1.000000000000e-01
2.532532532533e+01 1.147683877211e-01 8.523161227889e-02 1.000000000000e-01
2.542542542543e+01 1.146973710664e-01 8.530262893359e-02 1.000000000000e-01
2.552552552553e+01 1.146266959091e-01 8.537330409093e-02 1.000000000000e-01
2.562562562563e+01 1.145563606069e-01 8.544363939309e-02 1.000000000000e-01
2.572572572573e+01 1.144863635257e-01 8.551363647431e-02 1.000000000000e-01
2.582582582583e+01 1.144167030390e-01 8.558329696100e-02 1.000000000000e-01
2.592592592593e+01 1.143473775283e-01 8.565262247174e-02 1.000000000000e-01
2.602602602603e+01 1.142783853827e-01 8.572161461732e-02 1.000000000000e-01
2.612612612613e+01 1.142097249992e-01 8.579027500080e-02 1.000000000000e-01
2.622622622623e+01 1.141413947825e-01 8.585860521752e-02 1.000000000000e-01
2.632632632633e+01 1.140733931449e-01 8.592660685515e-02 1.000000000000e-01
2.642642642643e+01 1.140057185063e-01 8.599428149372e-02 1.000000000000e-01
2.652652652653e+01 1.139383692943e-01 8.606163070568e-02 1.000000000000e-01
2.662662662663e+01 1.138713439441e-01 8.612865605590e-02 1.000000000000e-01
2.672672672673e+01 1.138046408983e-01 8.619535910173e-02 1.000000000000e-01
2.682682682683e+01 1.137382586070e-01 8.626174139304e-02 1.000000000000e-01
2.692692692693e+01 1.136721955278e-01 8.632780447223e-02 1.000000000000e-01
2.702702702703e+01 1.136064501257e-01 8.639354987431e-02 1.000000000000e-01
2.712712712713e+01 1.135410208731e-01 8.645897912687e-02 1.000000000000e-01
2.722722722723e+01 1.134759062498e-01 8.652409375020e-02 1.000000000000e-01
2.732732732733e+01 1.134111047428e-01 8.658889525723e-02 1.000000000000e-01
2.742742742743e+01 1.133466148463e-01 8.665338515366e-02 1.000000000000e-01
2.752752752753e+01 1.132824350621e-01 8.671756493793e-02 1.000000000000e-01
2.762762762763e+01 1.132185638987e-01 8.678143610126e-02 1.000000000000e-01
2.772772772773e+01 1.131549998723e-01 8.684500012773e-02 1.000000000000e-01
2.782782782783e+01 1.130917415057e-01 8.690825849425e-02 1.000000000000e-01
2.792792792793e+01 1.130287873293e-01 8.697121267066e-02 1.000000000000e-01
2.802802802803e+01 1.129661358803e-01 8.703386411971e-02 1.000000000000e-01
2.812812812813e+01 1.129037857029e-01 8.709621429712e-02 1.000000000000e-01
2.822822822823e+01 1.128417353484e-01 8.715826465162e-02 1.000000000000e-01
2.832832832833e+01 1.127799833750e-01 8.722001662497e-02 1.000000000000e-01
2.842842842843e+01 1.127185283480e-01 8.728147165198e-02 1.000000000000e-01
2.852852852853e+01 1.126573688394e-01 8.734263116059e-02 1.000000000000e-01
2.862862862863e+01 1.125965034282e-01 8.740349657184e-02 1.000000000000e-01
2.872872872873e+01 1.125359307000e-01 8.746406929997e-02 1.000000000000e-01
2.882882882883e+01 1.124756492476e-01 8.752435075239e-02 1.000000000000e-01
2.892892892893e+01 1.124156576702e-01 8.758434232977e-02 1.000000000000e-01
2.902902902903e+01 1.123559545740e-01 8.764404542602e-02 1.000000000000e-01
2.912912912913e+01 1.122965385716e-01 8.770346142836e-02 1.000000000000e-01
2.922922922923e+01 1.122374082827e-01 8.776259171734e-02 1.000000000000e-01
2.932932932933e+01 1.121785623331e-01 8.782143766686e-02 1.000000000000e-01
2.942942942943e+01 1.121199993558e-01 8.788000064423e-02 1.000000000000e-01
2.952952952953e+01 1.120617179898e-01 8.793828201017e-02 1.000000000000e-01
2.962962962963e+01 1.120037168811e-01 8.799628311887e-02 1.000000000000e-01
2.972972972973e+01 1.119459946820e-01 8.805400531799e-02 1.000000000000e-01
2.982982982983e+01 1.118885500513e-01 8.811144994874e-02 1.000000000000e-01
2.992992992993e+01 1.118313816542e-01 8.816861834584e-02 1.000000000000e-01
3.003003003003e+01 1.117744881624e-01 8.822551183762e-02 1.000000000000e-01
3.013013013013e+01 1.117178682540e-01 8.828213174603e-02 1.000000000000e-01
3.023023023023e+01 1.116615206134e-01 8.833847938663e-02 1.000000000000e-01
3.033033033033e+01 1.116054439313e-01 8.839455606868e-02 1.000000000000e-01
3.043043043043e+01 1.115496369049e-01 8.845036309513e-02 1.000000000000e-01
3.053053053053e+01 1.114940982373e-01 8.850590176268e-02 1.000000000000e-01
3.063063063063e+01 1.114388266382e-01 8.856117336179e-02 1.000000000000e-01
3.073073073073e+01 1.113838208233e-01 8.861617917669e-02 1.000000000000e-01
3.083083083083e+01 1.113290795145e-01 8.867092048548e-02 1.000000000000e-01
3.093093093093e+01 1.112746014399e-01 8.872539856007e-02 1.000000000000e-01
3.103103103103e+01 1.112203853337e-01 8.877961466628e-02 1.000000000000e-01
3.113113113113e+01 1.111664299362e-01 8.883357006384e-02 1.000000000000e-01
3.123123123123e+01 1.111127339936e-01 8.888726600641e-02 1.000000000000e-01
3.133133133133e+01 1.110592962584e-01 8.894070374164e-02 1.000000000000e-01
3.143143143143e+01 1.110061154888e-01 8.899388451116e-02 1.000000000000e-01
3.153153153153e+01 1.109531904494e-01 8.904680955064e-02 1.000000000000e-01
3.163163163163e+01 1.109005199102e-01 8.909948008981e-02 1.000000000000e-01
3.173173173173e+01 1.108481026475e-01 8.915189735248e-02 1.000000000000e-01
3.183183183183e+01 1.107959374434e-01 8.920406255659e-02 1.000000000000e-01
3.193193193193e+01 1.107440230858e-01 8.925597691420e-02 1.000000000000e-01
3.203203203203e+01 1.106923583684e-01 8.930764163156e-02 1.000000000000e-01
3.213213213213e+01 1.106409420909e-01 8.935905790912e-02 1.000000000000e-01
3.223223223223e+01 1.105897730585e-01 8.941022694154e-02 1.000000000000e-01
3.233233233233e+01 1.105388500823e-01 8.946114991775e-02 1.000000000000e-01
3.243243243243e+01 1.104881719790e-01 8.951182802096e-02 1.000000000000e-01
3.253253253253e+01 1.104377375713e-01 8.956226242869e-02 1.000000000000e-01
3.263263263263e+01 1.103875456872e-01 8.961245431279e-02 1.000000000000e-01
3.273273273273e+01 1.103375951605e-01 8.966240483949e-02 1.000000000000e-01
3.283283283283e+01 1.102878848306e-01 8.971211516940e-02 1.000000000000e-01
3.293293293293e+01 1.102384135424e-01 8.976158645756e-02 1.000000000000e-01
3.303303303303e+01 1.101891801466e-01 8.981081985344e-02 1.000000000000e-01
3.313313313313e+01 1.101401834990e-01 8.985981650099e-02 1.000000000000e-01
3.323323323323e+01 1.100914224613e-01 8.990857753866e-02 1.000000000000e-01
3.333333333333e+01 1.100428959006e-01 8.995710409944e-02 1.000000000000e-01
3.343343343343e+01 1.099946026892e-01 9.000539731084e-02 1.000000000000e-01
3.353353353353e+01 1.099465417050e-01 9.005345829498e-02 1.000000000000e-01
3.363363363363e+01 1.098987118314e-01 9.010128816856e-02 1.000000000000e-01
3.373373373373e+01 1.098511119571e-01 9.014888804292e-02 1.000000000000e-01
3.383383383383e+01 1.098037409759e-01 9.019625902406e-02 1.000000000000e-01
3.393393393393e+01 1.097565977873e-01 9.024340221266e-02 1.000000000000e-01
3.403403403403e+01 1.097096812959e-01 9.029031870409e-02 1.000000000000e-01
3.413413413413e+01 1.096629904115e-01 9.033700958849e-02 1.000000000000e-01
3.423423423423e+01 1.096165240493e-01 9.038347595072e-02 1.000000000000e-01
3.433433433433e+01 1.095702811296e-01 9.042971887044e-02 1.000000000000e-01
3.443443443443e+01 1.095242605779e-01 9.047573942211e-02 1.000000000000e-01
3.453453453453e+01 1.094784613250e-01 9.052153867505e-02 1.000000000000e-01
3.463463463463e+01 1.094328823066e-01 9.056711769340e-02 1.000000000000e-01
3.473473473473e+01 1.093875224638e-01 9.061247753620e-02 1.000000000000e-01
3.483483483483e+01 1.093423807426e-01 9.065761925742e-02 1.000000000000e-01
3.493493493493e+01 1.092974560941e-01 9.070254390591e-02 1.000000000000e-01
3.503503503504e+01 1.092527474745e-01 9.074725252553e-02 1.000000000000e-01
3.513513513514e+01 1.092082538449e-01 9.079174615508e-02 1.000000000000e-01
3.523523523524e+01 1.091639741716e-01 9.083602582839e-02 1.000000000000e-01
3.533533533534e+01 1.091199074257e-01 9.088009257431e-02 1.000000000000e-01
3.543543543544e+01 1.090760525833e-01 9.092394741675e-02 1.000000000000e-01
3.553553553554e+01 1.090324086253e-01 9.096759137467e-02 1.000000000000e-01
3.563563563564e+01 1.089889745378e-01 9.101102546216e-02 1.000000000000e-01
3.573573573574e+01 1.089457493116e-01 9.105425068843e-02 1.000000000000e-01
3.583583583584e+01 1.089027319422e-01 9.109726805781e-02 1.000000000000e-01
3.593593593594e+01 1.088599214302e-01 9.114007856984e-02 1.000000000000e-01
3.603603603604e+01 1.088173167808e-01 9.118268321923e-02 1.000000000000e-01
3.613613613614e+01 1.087749170041e-01 9.122508299590e-02 1.000000000000e-01
3.623623623624e+01 1.087327211150e-01 9.126727888502e-02 1.000000000000e-01
3.633633633634e+01 1.086907281330e-01 9.130927186704e-02 1.000000000000e-01
3.643643643644e+01 1.086489370823e-01 9.135106291766e-02 1.000000000000e-01
3.653653653654e+01 1.086073469921e-01 9.139265300791e-02 1.000000000000e-01
3.663663663664e+01 1.085659568958e-01 9.143404310416e-02 1.000000000000e-01
3.673673673674e+01 1.085247658319e-01 9.147523416811e-02 1.000000000000e-01
3.683683683684e+01 1.084837728432e-01 9.151622715684e-02 1.000000000000e-01
3.693693693694e+01 1.084429769772e-01 9.155702302284e-02 1.000000000000e-01
3.703703703704e+01 1.084023772860e-01 9.159762271401e-02 1.000000000000e-01
3.713713713714e+01 1.083619728263e-01 9.163802717370e-02 1.000000000000e-01
3.723723723724e+01 1.083217626593e-01 9.167823734071e-02 1.000000000000e-01
3.733733733734e+01 1.082817458507e-01 9.171825414934e-02 1.000000000000e-01
3.743743743744e+01 1.082419214706e-01 9.175807852939e-02 1.000000000000e-01
3.753753753754e+01 1.082022885938e-01 9.179771140619e-02 1.000000000000e-01
3.763763763764e+01 1.081628462994e-01 9.183715370062e-02 1.000000000000e-01
3.773773773774e+01 1.081235936709e-01 9.187640632914e-02 1.000000000000e-01
3.783783783784e+01 1.080845297962e-01 9.191547020378e-02 1.000000000000e-01
3.793793793794e+01 1.080456537678e-01 9.195434623221e-02 1.000000000000e-01
3.803803803804e+01 1.080069646823e-01 9.199303531772e-02 1.000000000000e-01
3.813813813814e+01 1.079684616407e-01 9.203153835927e-02 1.000000000000e-01
3.823823823824e+01 1.079301437485e-01 9.206985625147e-02 1.000000000000e-01
3.833833833834e+01 1.078920101153e-01 9.210798988467e-02 1.000000000000e-01
3.843843843844e+01 1.078540598551e-01 9.214594014490e-02 1.000000000000e-01
3.853853853854e+01 1.078162920861e-01 9.218370791395e-02 1.000000000000e-01
3.863863863864e+01 1.077787059306e-01 9.222129406936e-02 1.000000000000e-01
3.873873873874e+01 1.077413005155e-01 9.225869948446e-02 1.000000000000e-01
3.883883883884e+01 1.077040749716e-01 9.229592502837e-02 1.000000000000e-01
3.893893893894e+01 1.076670284340e-01 9.233297156604e-02 1.000000000000e-01
3.903903903904e+01 1.076301600418e-01 9.236983995825e-02 1.000000000000e-01
3.913913913914e+01 1.075934689383e-01 9.240653106165e-02 1.000000000000e-01
3.923923923924e+01 1.075569542712e-01 9.244304572877e-02 1.000000000000e-01
3.933933933934e+01 1.075206151920e-01 9.247938480804e-02 1.000000000000e-01
3.943943943944e+01 1.074844508562e-01 9.251554914379e-02 1.000000000000e-01
3.953953953954e+01 1.074484604237e-01 9.255153957634e-02 1.000000000000e-01
3.963963963964e+01 1.074126430581e-01 9.258735694191e-02 1.000000000000e-01
3.973973973974e+01 1.073769979273e-01 9.262300207274e-02 1.000000000000e-01
3.983983983984e+01 1.073415242030e-01 9.265847579704e-02 1.000000000000e-01
3.993993993994e+01 1.073062210609e-01 9.269377893907e-02 1.000000000000e-01
4.004004004004e+01 1.072710876809e-01 9.272891231910e-02 1.000000000000e-01
4.014014014014e+01 1.072361232465e-01 9.276387675346e-02 1.000000000000e-01
4.024024024024e+01 1.072013269454e-01 9.279867305456e-02 1.000000000000e-01
4.034034034034e+01 1.071666979691e-01 9.283330203090e-02 1.000000000000e-01
4.044044044044e+01 1.071322355129e-01 9.286776448710e-02 1.000000000000e-01
4.054054054054e+01 1.070979387761e-01 9.290206122390e-02 1.000000000000e-01
4.064064064064e+01 1.070638069618e-01 9.293619303820e-02 1.000000000000e-01
4.074074074074e+01 1.070298392770e-01 9.297016072304e-02 1.000000000000e-01
4.084084084084e+01 1.069960349323e-01 9.300396506770e-02 1.000000000000e-01
4.094094094094e+01 1.069623931424e-01 9.303760685761e-02 1.000000000000e-01
4.104104104104e+01 1.069289131256e-01 9.307108687445e-02 1.000000000000e-01
4.114114114114e+01 1.068955941039e-01 9.310440589614e-02 1.000000000000e-01
4.124124124124e+01 1.068624353031e-01 9.313756469686e-02 1.000000000000e-01
4.134134134134e+01 1.068294359529e-01 9.317056404706e-02 1.000000000000e-01
4.144144144144e+01 1.067965952865e-01 9.320340471349e-02 1.000000000000e-01
4.154154154154e+01 1.067639125408e-01 9.323608745921e-02 1.000000000000e-01
4.164164164164e+01 1.067313869564e-01 9.326861304361e-02 1.000000000000e-01
4.174174174174e+01 1.066990177776e-01 9.330098222243e-02 1.000000000000e-01
4.184184184184e+01 1.066668042522e-01 9.333319574779e-02 1.000000000000e-01
4.194194194194e+01 1.066347456318e-01 9.336525436816e-02 1.000000000000e-01
4.204204204204e+01 1.066028411716e-01 9.339715882845e-02 1.000000000000e-01
4.214214214214e+01 1.065710901301e-01 9.342890986995e-02 1.000000000000e-01
4.224224224224e+01 1.065394917696e-01 9.346050823042e-02 1.000000000000e-01
4.234234234234e+01 1.065080453560e-01 9.349195464404e-02 1.000000000000e-01
4.244244244244e+01 1.064767501585e-01 9.352324984150e-02 1.000000000000e-01
4.254254254254e+01 1.064456054501e-01 9.355439454992e-02 1.000000000000e-01
4.264264264264e+01 1.064146105070e-01 9.358538949299e-02 1.000000000000e-01
4.274274274274e+01 1.063837646091e-01 9.361623539086e-02 1.000000000000e-01
4.284284284284e+01 1.063530670397e-01 9.364693296025e-02 1.000000000000e-01
4.294294294294e+01 1.063225170856e-01 9.367748291443e-02 1.000000000000e-01
4.304304304304e+01 1.062921140368e-01 9.370788596324e-02 1.000000000000e-01
4.314314314314e+01 1.062618571869e-01 9.373814281309e-02 1.000000000000e-01
4.324324324324e+01 1.062317458330e-01 9.376825416702e-02 1.000000000000e-01
4.334334334334e+01 1.062017792753e-01 9.379822072466e-02 1.000000000000e-01
4.344344344344e+01 1.061719568177e-01 9.382804318231e-02 1.000000000000e-01
4.354354354354e+01 1.061422777671e-01 9.385772223288e-02 1.000000000000e-01
4.364364364364e+01 1.061127414340e-01 9.388725856599e-02 1.000000000000e-01
4.374374374374e+01 1.060833471321e-01 9.391665286792e-02 1.000000000000e-01
4.384384384384e+01 1.060540941784e-01 9.394590582165e-02 1.000000000000e-01
4.394394394394e+01 1.060249818931e-01 9.397501810688e-02 1.000000000000e-01
4.404404404404e+01 1.059960096000e-01 9.400399040005e-02 1.000000000000e-01
4.414414414414e+01 1.059671766257e-01 9.403282337433e-02 1.000000000000e-01
4.424424424424e+01 1.059384823003e-01 9.406151769966e-02 1.000000000000e-01
4.434434434434e+01 1.059099259572e-01 9.409007404277e-02 1.000000000000e-01
4.444444444444e+01 1.058815069328e-01 9.411849306717e-02 1.000000000000e-01
4.454454454454e+01 1.058532245668e-01 9.414677543318e-02 1.000000000000e-01
4.464464464464e+01 1.058250782020e-01 9.417492179795e-02 1.000000000000e-01
4.474474474474e+01 1.057970671845e-01 9.420293281548e-02 1.000000000000e-01
4.484484484484e+01 1.057691908634e-01 9.423080913659e-02 1.000000000000e-01
4.494494494494e+01 1.057414485910e-01 9.425855140901e-02 1.000000000000e-01
4.504504504505e+01 1.057138397227e-01 9.428616027734e-02 1.000000000000e-01
4.514514514515e+01 1.056863636169e-01 9.431363638308e-02 1.000000000000e-01
4.524524524525e+01 1.056590196354e-01 9.434098036463e-02 1.000000000000e-01
4.534534534535e+01 1.056318071426e-01 9.436819285736e-02 1.000000000000e-01
4.544544544545e+01 1.056047255065e-01 9.439527449353e-02 1.000000000000e-01
4.554554554555e+01 1.055777740976e-01 9.442222590241e-02 1.000000000000e-01
4.564564564565e+01 1.055509522898e-01 9.444904771021e-02 1.000000000000e-01
4.574574574575e+01 1.055242594598e-01 9.447574054016e-02 1.000000000000e-01
4.584584584585e+01 1.054976949875e-01 9.450230501246e-02 1.000000000000e-01
4.594594594595e+01 1.054712582557e-01 9.452874174434e-02 1.000000000000e-01
4.604604604605e+01 1.054449486499e-01 9.455505135008e-02 1.000000000000e-01
4.614614614615e+01 1.054187655590e-01 9.458123444097e-02 1.000000000000e-01
4.624624624625e+01 1.053927083746e-01 9.460729162540e-02 1.000000000000e-01
4.634634634635e+01 1.053667764912e-01 9.463322350881e-02 1.000000000000e-01
4.644644644645e+01 1.053409693063e-01 9.465903069373e-02 1.000000000000e-01
4.654654654655e+01 1.053152862202e-01 9.468471377980e-02 1.000000000000e-01
4.664664664665e+01 1.052897266362e-01 9.471027336377e-02 1.000000000000e-01
4.674674674675e+01 1.052642899605e-01 9.473571003953e-02 1.000000000000e-01
4.684684684685e+01 1.052389756019e-01 9.476102439811e-02 1.000000000000e-01
4.694694694695e+01 1.052137829723e-01 9.478621702768e-02 1.000000000000e-01
4.704704704705e+01 1.051887114864e-01 9.481128851361e-02 1.000000000000e-01
4.714714714715e+01 1.051637605616e-01 9.483623943845e-02 1.000000000000e-01
4.724724724725e+01 1.051389296181e-01 9.486107038192e-02 1.000000000000e-01
4.734734734735e+01 1.051142180790e-01 9.488578192099e-02 1.000000000000e-01
4.744744744745e+01 1.050896253702e-01 9.491037462984e-02 1.000000000000e-01
4.754754754755e+01 1.050651509201e-01 9.493484907988e-02 1.000000000000e-01
4.764764764765e+01 1.050407941602e-01 9.495920583978e-02 1.000000000000e-01
4.774774774775e+01 1.050165545245e-01 9.498344547548e-02 1.000000000000e-01
4.784784784785e+01 1.049924314498e-01 9.500756855020e-02 1.000000000000e-01
4.794794794795e+01 1.049684243756e-01 9.503157562443e-02 1.000000000000e-01
4.804804804805e+01 1.049445327440e-01 9.505546725600e-02 1.000000000000e-01
4.814814814815e+01 1.049207560000e-01 9.507924400002e-02 1.000000000000e-01
4.824824824825e+01 1.048970935910e-01 9.510290640897e-02 1.000000000000e-01
4.834834834835e+01 1.048735449674e-01 9.512645503263e-02 1.000000000000e-01
4.844844844845e+01 1.048501095818e-01 9.514989041817e-02 1.000000000000e-01
4.854854854855e+01 1.048267868899e-01 9.517321311012e-02 1.000000000000e-01
4.864864864865e+01 1.048035763496e-01 9.519642365038e-02 1.000000000000e-01
4.874874874875e+01 1.047804774217e-01 9.521952257827e-02 1.000000000000e-01
4.884884884885e+01 1.047574895695e-01 9.524251043048e-02 1.000000000000e-01
4.894894894895e+01 1.047346122589e-01 9.526538774115e-02 1.000000000000e-01
4.904904904905e+01 1.047118449582e-01 9.528815504183e-02 1.000000000000e-01
4.914914914915e+01 1.046891871385e-01 9.531081286154e-02 1.000000000000e-01
4.924924924925e+01 1.046666382733e-01 9.533336172673e-02 1.000000000000e-01
4.934934934935e+01 1.046441978387e-01 9.535580216134e-02 1.000000000000e-01
4.944944944945e+01 1.046218653132e-01 9.537813468676e-02 1.000000000000e-01
4.954954954955e+01 1.045996401781e-01 9.540035982190e-02 1.000000000000e-01
4.964964964965e+01 1.045775219168e-01 9.542247808318e-02 1.000000000000e-01
4.974974974975e+01 1.045555100155e-01 9.544448998451e-02 1.000000000000e-01
4.984984984985e+01 1.045336039627e-01 9.546639603735e-02 1.000000000000e-01
4.994994994995e+01 1.045118032493e-01 9.548819675068e-02 1.000000000000e-01
5.005005005005e+01 1.044901073689e-01 9.550989263106e-02 1.000000000000e-01
5.015015015015e+01 1.044685158174e-01 9.553148418260e-02 1.000000000000e-01
5.025025025025e+01 1.044470280930e-01 9.555297190697e-02 1.000000000000e-01
5.035035035035e+01 1.044256436965e-01 9.557435630346e-02 1.000000000000e-01
5.045045045045e+01 1.044043621311e-01 9.559563786893e-02 1.000000000000e-01
5.055055055055e+01 1.043831829021e-01 9.561681709787e-02 1.000000000000e-01
5.065065065065e+01 1.043621055176e-01 9.563789448238e-02 1.000000000000e-01
5.075075075075e+01 1.043411294878e-01 9.565887051221e-02 1.000000000000e-01
5.085085085085e+01 1.043202543253e-01 9.567974567472e-02 1.000000000000e-01
5.095095095095e+01 1.042994795450e-01 9.570052045498e-02 1.000000000000e-01
5.105105105105e+01 1.042788046643e-01 9.572119533567e-02 1.000000000000e-01
5.115115115115e+01 1.042582292028e-01 9.574177079720e-02 1.000000000000e-01
5.125125125125e+01 1.042377526824e-01 9.576224731763e-02 1.000000000000e-01
5.135135135135e+01 1.042173746273e-01 9.578262537274e-02 1.000000000000e-01
5.145145145145e+01 1.041970945640e-01 9.580290543603e-02 1.000000000000e-01
5.155155155155e+01 1.041769120213e-01 9.582308797870e-02 1.000000000000e-01
5.165165165165e+01 1.041568265303e-01 9.584317346971e-02 1.000000000000e-01
5.175175175175e+01 1.041368376243e-01 9.586316237573e-02 1.000000000000e-01
5.185185185185e+01 1.041169448388e-01 9.588305516123e-02 1.000000000000e-01
5.195195195195e+01 1.040971477116e-01 9.590285228841e-02 1.000000000000e-01
5.205205205205e+01 1.040774457827e-01 9.592255421727e-02 1.000000000000e-01
5.215215215215e+01 1.040578385944e-01 9.594216140559e-02 1.000000000000e-01
5.225225225225e+01 1.040383256911e-01 9.596167430894e-02 1.000000000000e-01
5.235235235235e+01 1.040189066193e-01 9.598109338072e-02 1.000000000000e-01
5.245245245245e+01 1.039995809279e-01 9.600041907212e-02 1.000000000000e-01
5.255255255255e+01 1.039803481678e-01 9.601965183219e-02 1.000000000000e-01
5.265265265265e+01 1.039612078922e-01 9.603879210781e-02 1.000000000000e-01
5.275275275275e+01 1.039421596563e-01 9.605784034370e-02 1.000000000000e-01
5.285285285285e+01 1.039232030175e-01 9.607679698246e-02 1.000000000000e-01
5.295295295295e+01 1.039043375355e-01 9.609566246454e-02 1.000000000000e-01
5.305305305305e+01 1.038855627717e-01 9.611443722830e-02 1.000000000000e-01
5.315315315315e+01 1.038668782900e-01 9.613312170997e-02 1.000000000000e-01
5.325325325325e+01 1.038482836563e-01 9.615171634369e-02 1.000000000000e-01
5.335335335335e+01 1.038297784385e-01 9.617022156151e-02 1.000000000000e-01
5.345345345345e+01 1.038113622066e-01 9.618863779340e-02 1.000000000000e-01
5.355355355355e+01 1.037930345327e-01 9.620696546727e-02 1.000000000000e-01
5.365365365365e+01 1.037747949910e-01 9.622520500896e-02 1.000000000000e-01
5.375375375375e+01 1.037566431577e-01 9.624335684229e-02 1.000000000000e-01
5.385385385385e+01 1.037385786110e-01 9.626142138901e-02 1.000000000000e-01
5.395395395395e+01 1.037206009311e-01 9.627939906885e-02 1.000000000000e-01
5.405405405405e+01 1.037027097005e-01 9.629729029954e-02 1.000000000000e-01
5.415415415415e+01 1.036849045032e-01 9.631509549678e-02 1.000000000000e-01
5.425425425425e+01 1.036671849257e-01 9.633281507427e-02 1.000000000000e-01
5.435435435435e+01 1.036495505563e-01 9.635044944374e-02 1.000000000000e-01
5.445445445445e+01 1.036320009851e-01 9.636799901493e-02 1.000000000000e-01
5.455455455455e+01 1.036145358044e-01 9.638546419560e-02 1.000000000000e-01
5.465465465465e+01 1.035971546084e-01 9.640284539157e-02 1.000000000000e-01
5.475475475475e+01 1.035798569933e-01 9.642014300669e-02 1.000000000000e-01
5.485485485485e+01 1.035626425571e-01 9.643735744287e-02 1.000000000000e-01
5.495495495495e+01 1.035455108999e-01 9.645448910010e-02 1.000000000000e-01
5.505505505506e+01 1.035284616236e-01 9.647153837644e-02 1.000000000000e-01
5.515515515516e+01 1.035114943320e-01 9.648850566802e-02 1.000000000000e-01
5.525525525526e+01 1.034946086309e-01 9.650539136910e-02 1.000000000000e-01
5.535535535536e+01 1.034778041280e-01 9.652219587201e-02 1.000000000000e-01
5.545545545546e+01 1.034610804328e-01 9.653891956721e-02 1.000000000000e-01
5.555555555556e+01 1.034444371567e-01 9.655556284328e-02 1.000000000000e-01
5.565565565566e+01 1.034278739131e-01 9.657212608693e-02 1.000000000000e-01
5.575575575576e+01 1.034113903170e-01 9.658860968302e-02 1.000000000000e-01
5.585585585586e+01 1.033949859855e-01 9.660501401454e-02 1.000000000000e-01
5.595595595596e+01 1.033786605374e-01 9.662133946265e-02 1.000000000000e-01
5.605605605606e+01 1.033624135933e-01 9.663758640668e-02 1.000000000000e-01
5.615615615616e+01 1.033462447759e-01 9.665375522413e-02 1.000000000000e-01
5.625625625626e+01 1.033301537093e-01 9.666984629068e-02 1.000000000000e-01
5.635635635636e+01 1.033141400198e-01 9.668585998023e-02 1.000000000000e-01
5.645645645646e+01 1.032982033352e-01 9.670179666485e-02 1.000000000000e-01
5.655655655656e+01 1.032823432852e-01 9.671765671482e-02 1.000000000000e-01
5.665665665666e+01 1.032665595013e-01 9.673344049868e-02 1.000000000000e-01
5.675675675676e+01 1.032508516169e-01 9.674914838315e-02 1.000000000000e-01
5.685685685686e+01 1.032352192668e-01 9.676478073321e-02 1.000000000000e-01
5.695695695696e+01 1.032196620879e-01 9.678033791209e-02 1.000000000000e-01
5.705705705706e+01 1.032041797187e-01 9.679582028126e-02 1.000000000000e-01
5.715715715716e+01 1.031887717995e-01 9.681122820046e-02 1.000000000000e-01
5.725725725726e+01 1.031734379723e-01 9.682656202769e-02 1.000000000000e-01
5.735735735736e+01 1.031581778808e-01 9.684182211924e-02 1.000000000000e-01
5.745745745746e+01 1.031429911703e-01 9.685700882968e-02 1.000000000000e-01
5.755755755756e+01 1.031278774881e-01 9.687212251188e-02 1.000000000000e-01
5.765765765766e+01 1.031128364830e-01 9.688716351701e-02 1.000000000000e-01
5.775775775776e+01 1.030978678054e-01 9.690213219456e-02 1.000000000000e-01
5.785785785786e+01 1.030829711077e-01 9.691702889231e-02 1.000000000000e-01
5.795795795796e+01 1.030681460436e-01 9.693185395641e-02 1.000000000000e-01
5.805805805806e+01 1.030533922687e-01 9.694660773131e-02 1.000000000000e-01
5.815815815816e+01 1.030387094402e-01 9.696129055983e-02 1.000000000000e-01
5.825825825826e+01 1.030240972169e-01 9.697590278312e-02 1.000000000000e-01
5.835835835836e+01 1.030095552593e-01 9.699044474071e-02 1.000000000000e-01
5.845845845846e+01 1.029950832295e-01 9.700491677047e-02 1.000000000000e-01
5.855855855856e+01 1.029806807913e-01 9.701931920867e-02 1.000000000000e-01
5.865865865866e+01 1.029663476100e-01 9.703365238996e-02 1.000000000000e-01
5.875875875876e+01 1.029520833526e-01 9.704791664736e-02 1.000000000000e-01
5.885885885886e+01 1.029378876877e-01 9.706211231232e-02 1.000000000000e-01
5.895895895896e+01 1.029237602853e-01 9.707623971468e-02 1.000000000000e-01
5.905905905906e+01 1.029097008173e-01 9.709029918268e-02 1.000000000000e-01
5.915915915916e+01 1.028957089570e-01 9.710429104300e-02 1.000000000000e-01
5.925925925926e+01 1.028817843792e-01 9.711821562075e-02 1.000000000000e-01
5.935935935936e+01 1.028679267605e-01 9.713207323947e-02 1.000000000000e-01
5.945945945946e+01 1.028541357789e-01 9.714586422115e-02 1.000000000000e-01
5.955955955956e+01 1.028404111138e-01 9.715958888622e-02 1.000000000000e-01
5.965965965966e+01 1.028267524464e-01 9.717324755357e-02 1.000000000000e-01
5.975975975976e+01 1.028131594594e-01 9.718684054058e-02 1.000000000000e-01
5.985985985986e+01 1.027996318369e-01 9.720036816307e-02 1.000000000000e-01
5.995995995996e+01 1.027861692646e-01 9.721383073537e-02 1.000000000000e-01
6.006006006006e+01 1.027727714297e-01 9.722722857028e-02 1.000000000000e-01
6.016016016016e+01 1.027594380209e-01 9.724056197911e-02 1.000000000000e-01
6.026026026026e+01 1.027461687283e-01 9.725383127165e-02 1.000000000000e-01
6.036036036036e+01 1.027329632438e-01 9.726703675623e-02 1.000000000000e-01
6.046046046046e+01 1.027198212603e-01 9.728017873968e-02 1.000000000000e-01
6.056056056056e+01 1.027067424726e-01 9.729325752735e-02 1.000000000000e-01
6.066066066066e+01 1.026937265769e-01 9.730627342314e-02 1.000000000000e-01
6.076076076076e+01 1.026807732705e-01 9.731922672947e-02 1.000000000000e-01
6.086086086086e+01 1.026678822527e-01 9.733211774731e-02 1.000000000000e-01
6.096096096096e+01 1.026550532238e-01 9.734494677620e-02 1.000000000000e-01
6.106106106106e+01 1.026422858858e-01 9.735771411422e-02 1.000000000000e-01
6.116116116116e+01 1.026295799420e-01 9.737042005801e-02 1.000000000000e-01
6.126126126126e+01 1.026169350972e-01 9.738306490282e-02 1.000000000000e-01
6.136136136136e+01 1.026043510576e-01 9.739564894243e-02 1.000000000000e-01
6.146146146146e+01 1.025918275307e-01 9.740817246926e-02 1.000000000000e-01
6.156156156156e+01 1.025793642257e-01 9.742063577427e-02 1.000000000000e-01
6.166166166166e+01 1.025669608529e-01 9.743303914707e-02 1.000000000000e-01
6.176176176176e+01 1.025546171241e-01 9.744538287585e-02 1.000000000000e-01
6.186186186186e+01 1.025423327526e-01 9.745766724742e-02 1.000000000000e-01
6.196196196196e+01 1.025301074528e-01 9.746989254720e-02 1.000000000000e-01
6.206206206206e+01 1.025179409407e-01 9.748205905926e-02 1.000000000000e-01
6.216216216216e+01 1.025058329337e-01 9.749416706629e-02 1.000000000000e-01
6.226226226226e+01 1.024937831504e-01 9.750621684962e-02 1.000000000000e-01
6.236236236236e+01 1.024817913108e-01 9.751820868923e-02 1.000000000000e-01
6.246246246246e+01 1.024698571362e-01 9.753014286376e-02 1.000000000000e-01
6.256256256256e+01 1.024579803495e-01 9.754201965049e-02 1.000000000000e-01
6.266266266266e+01 1.024461606746e-01 9.755383932540e-02 1.000000000000e-01
6.276276276276e+01 1.024343978369e-01 9.756560216310e-02 1.000000000000e-01
6.286286286286e+01 1.024226915631e-01 9.757730843692e-02 1.000000000000e-01
6.296296296296e+01 1.024110415811e-01 9.758895841886e-02 1.000000000000e-01
6.306306306306e+01 1.023994476204e-01 9.760055237960e-02 1.000000000000e-01
6.316316316316e+01 1.023879094115e-01 9.761209058853e-02 1.000000000000e-01
6.326326326326e+01 1.023764266863e-01 9.762357331375e-02 1.000000000000e-01
6.336336336336e+01 1.023649991779e-01 9.763500082206e-02 1.000000000000e-01
6.346346346346e+01 1.023536266210e-01 9.764637337898e-02 1.000000000000e-01
6.356356356356e+01 1.023423087512e-01 9.765769124875e-02 1.000000000000e-01
6.366366366366e+01 1.023310453056e-01 9.766895469436e-02 1.000000000000e-01
6.376376376376e+01 1.023198360225e-01 9.768016397750e-02 1.000000000000e-01
6.386386386386e+01 1.023086806414e-01 9.769131935864e-02 1.000000000000e-01
6.396396396396e+01 1.022975789030e-01 9.770242109696e-02 1.000000000000e-01
6.406406406406e+01 1.022865305496e-01 9.771346945042e-02 1.000000000000e-01
6.416416416416e+01 1.022755353243e-01 9.772446467573e-02 1.000000000000e-01
6.426426426426e+01 1.022645929716e-01 9.773540702837e-02 1.000000000000e-01
6.436436436436e+01 1.022537032374e-01 9.774629676259e-02 1.000000000000e-01
6.446446446446e+01 1.022428658686e-01 9.775713413141e-02 1.000000000000e-01
6.456456456456e+01 1.022320806134e-01 9.776791938664e-02 1.000000000000e-01
6.466466466466e+01 1.022213472211e-01 9.777865277888e-02 1.000000000000e-01
6.476476476476e+01 1.022106654425e-01 9.778933455752e-02 1.000000000000e-01
6.486486486486e+01 1.022000350292e-01 9.779996497076e-02 1.000000000000e-01
6.496496496496e+01 1.021894557344e-01 9.781054426560e-02 1.000000000000e-01
6.506506506507e+01 1.021789273122e-01 9.782107268785e-02 1.000000000000e-01
6.516516516517e+01 1.021684495179e-01 9.783155048214e-02 1.000000000000e-01
6.526526526527e+01 1.021580221081e-01 9.784197789192e-02 1.000000000000e-01
6.536536536537e+01 1.021476448405e-01 9.785235515949e-02 1.000000000000e-01
6.546546546547e+01 1.021373174741e-01 9.786268252595e-02 1.000000000000e-01
6.556556556557e+01 1.021270397687e-01 9.787296023127e-02 1.000000000000e-01
6.566566566567e+01 1.021168114858e-01 9.788318851425e-02 1.000000000000e-01
6.576576576577e+01 1.021066323875e-01 9.789336761255e-02 1.000000000000e-01
6.586586586587e+01 1.020965022373e-01 9.790349776268e-02 1.000000000000e-01
6.596596596597e+01 1.020864208000e-01 9.791357920002e-02 1.000000000000e-01
6.606606606607e+01 1.020763878412e-01 9.792361215882e-02 1.000000000000e-01
6.616616616617e+01 1.020664031278e-01 9.793359687219e-02 1.000000000000e-01
6.626626626627e+01 1.020564664279e-01 9.794353357213e-02 1.000000000000e-01
6.636636636637e+01 1.020465775105e-01 9.795342248952e-02 1.000000000000e-01
6.646646646647e+01 1.020367361459e-01 9.796326385414e-02 1.000000000000e-01
6.656656656657e+01 1.020269421054e-01 9.797305789464e-02 1.000000000000e-01
6.666666666667e+01 1.020171951614e-01 9.798280483861e-02 1.000000000000e-01
6.676676676677e+01 1.020074950875e-01 9.799250491251e-02 1.000000000000e-01
6.686686686687e+01 1.019978416583e-01 9.800215834172e-02 1.000000000000e-01
6.696696696697e+01 1.019882346495e-01 9.801176535054e-02 1.000000000000e-01
6.706706706707e+01 1.019786738378e-01 9.802132616221e-02 1.000000000000e-01
6.716716716717e+01 1.019691590011e-01 9.803084099885e-02 1.000000000000e-01
6.726726726727e+01 1.019596899184e-01 9.804031008156e-02 1.000000000000e-01
6.736736736737e+01 1.019502663696e-01 9.804973363035e-02 1.000000000000e-01
6.746746746747e+01 1.019408881358e-01 9.805911186418e-02 1.000000000000e-01
6.756756756757e+01 1.019315549990e-01 9.806844500096e-02 1.000000000000e-01
6.766766766767e+01 1.019222667425e-01 9.807773325753e-02 1.000000000000e-01
6.776776776777e+01 1.019130231503e-01 9.808697684973e-02 1.000000000000e-01
6.786786786787e+01 1.019038240077e-01 9.809617599232e-02 1.000000000000e-01
6.796796796797e+01 1.018946691009e-01 9.810533089905e-02 1.000000000000e-01
6.806806806807e+01 1.018855582174e-01 9.811444178264e-02 1.000000000000e-01
6.816816816817e+01 1.018764911452e-01 9.812350885478e-02 1.000000000000e-01
6.826826826827e+01 1.018674676739e-01 9.813253232614e-02 1.000000000000e-01
6.836836836837e+01 1.018584875936e-01 9.814151240639e-02 1.000000000000e-01
6.846846846847e+01 1.018495506958e-01 9.815044930419e-02 1.000000000000e-01
6.856856856857e+01 1.018406567728e-01 9.815934322718e-02 1.000000000000e-01
6.866866866867e+01 1.018318056180e-01 9.816819438202e-02 1.000000000000e-01
6.876876876877e+01 1.018229970256e-01 9.817700297437e-02 1.000000000000e-01
6.886886886887e+01 1.018142307911e-01 9.818576920889e-02 1.000000000000e-01
6.896896896897e+01 1.018055067107e-01 9.819449328927e-02 1.000000000000e-01
6.906906906907e+01 1.017968245818e-01 9.820317541823e-02 1.000000000000e-01
6.916916916917e+01 1.017881842025e-01 9.821181579748e-02 1.000000000000e-01
6.926926926927e+01 1.017795853722e-01 9.822041462780e-02 1.000000000000e-01
6.936936936937e+01 1.017710278910e-01 9.822897210897e-02 1.000000000000e-01
6.946946946947e+01 1.017625115602e-01 9.823748843983e-02 1.000000000000e-01
6.956956956957e+01 1.017540361817e-01 9.824596381827e-02 1.000000000000e-01
6.966966966967e+01 1.017456015588e-01 9.825439844121e-02 1.000000000000e-01
6.976976976977e+01 1.017372074954e-01 9.826279250463e-02 1.000000000000e-01
6.986986986987e+01 1.017288537964e-01 9.827114620357e-02 1.000000000000e-01
6.996996996997e+01 1.017205402679e-01 9.827945973213e-02 1.000000000000e-01
7.007007007007e+01 1.017122667165e-01 9.828773328347e-02 1.000000000000e-01
7.017017017017e+01 1.017040329502e-01 9.829596704984e-02 1.000000000000e-01
7.027027027027e+01 1.016958387774e-01 9.830416122255e-02 1.000000000000e-01
7.037037037037e+01 1.016876840080e-01 9.831231599199e-02 1.000000000000e-01
7.047047047047e+01 1.016795684524e-01 9.832043154764e-02 1.000000000000e-01
7.057057057057e+01 1.016714919219e-01 9.832850807807e-02 1.000000000000e-01
7.067067067067e+01 1.016634542291e-01 9.833654577094e-02 1.000000000000e-01
7.077077077077e+01 1.016554551870e-01 9.834454481300e-02 1.000000000000e-01
7.087087087087e+01 1.016474946099e-01 9.835250539012e-02 1.000000000000e-01
7.097097097097e+01 1.016395723127e-01 9.836042768726e-02 1.000000000000e-01
7.107107107107e+01 1.016316881115e-01 9.836831188850e-02 1.000000000000e-01
7.117117117117e+01 1.016238418230e-01 9.837615817703e-02 1.000000000000e-01
7.127127127127e+01 1.016160332648e-01 9.838396673516e-02 1.000000000000e-01
7.137137137137e+01 1.016082622557e-01 9.839173774433e-02 1.000000000000e-01
7.147147147147e+01 1.016005286149e-01 9.839947138509e-02 1.000000000000e-01
7.157157157157e+01 1.015928321629e-01 9.840716783714e-02 1.000000000000e-01
7.167167167167e+01 1.015851727207e-01 9.841482727931e-02 1.000000000000e-01
7.177177177177e+01 1.015775501104e-01 9.842244988957e-02 1.000000000000e-01
7.187187187187e+01 1.015699641550e-01 9.843003584503e-02 1.000000000000e-01
7.197197197197e+01 1.015624146780e-01 9.843758532195e-02 1.000000000000e-01
7.207207207207e+01 1.015549015043e-01 9.844509849575e-02 1.000000000000e-01
7.217217217217e+01 1.015474244590e-01 9.845257554100e-02 1.000000000000e-01
7.227227227227e+01 1.015399833686e-01 9.846001663142e-02 1.000000000000e-01
7.237237237237e+01 1.015325780601e-01 9.846742193992e-02 1.000000000000e-01
7.247247247247e+01 1.015252083614e-01 9.847479163856e-02 1.000000000000e-01
7.257257257257e+01 1.015178741014e-01 9.848212589857e-02 1.000000000000e-01
7.267267267267e+01 1.015105751096e-01 9.848942489038e-02 1.000000000000e-01
7.277277277277e+01 1.015033112164e-01 9.849668878357e-02 1.000000000000e-01
7.287287287287e+01 1.014960822531e-01 9.850391774691e-02 1.000000000000e-01
7.297297297297e+01 1.014888880516e-01 9.851111194839e-02 1.000000000000e-01
7.307307307307e+01 1.014817284448e-01 9.851827155516e-02 1.000000000000e-01
7.317317317317e+01 1.014746032664e-01 9.852539673357e-02 1.000000000000e-01
7.327327327327e+01 1.014675123508e-01 9.853248764917e-02 1.000000000000e-01
7.337337337337e+01 1.014604555333e-01 9.853954446674e-02 1.000000000000e-01
7.347347347347e+01 1.014534326498e-01 9.854656735023e-02 1.000000000000e-01
7.357357357357e+01 1.014464435372e-01 9.855355646282e-02 1.000000000000e-01
7.367367367367e+01 1.014394880331e-01 9.856051196691e-02 1.000000000000e-01
7.377377377377e+01 1.014325659759e-01 9.856743402411e-02 1.000000000000e-01
7.387387387387e+01 1.014256772047e-01 9.857432279526e-02 1.000000000000e-01
7.397397397397e+01 1.014188215596e-01 9.858117844042e-02 1.000000000000e-01
7.407407407407e+01 1.014119988811e-01 9.858800111888e-02 1.000000000000e-01
7.417417417417e+01 1.014052090108e-01 9.859479098916e-02 1.000000000000e-01
7.427427427427e+01 1.013984517910e-01 9.860154820904e-02 1.000000000000e-01
7.437437437437e+01 1.013917270645e-01 9.860827293552e-02 1.000000000000e-01
7.447447447447e+01 1.013850346752e-01 9.861496532485e-02 1.000000000000e-01
7.457457457457e+01 1.013783744675e-01 9.862162553252e-02 1.000000000000e-01
7.467467467467e+01 1.013717462867e-01 9.862825371330e-02 1.000000000000e-01
7.477477477477e+01 1.013651499788e-01 9.863485002119e-02 1.000000000000e-01
7.487487487487e+01 1.013585853906e-01 9.864141460945e-02 1.000000000000e-01
7.497497497497e+01 1.013520523694e-01 9.864794763061e-02 1.000000000000e-01
7.507507507508e+01 1.013455507635e-01 9.865444923648e-02 1.000000000000e-01
7.517517517518e+01 1.013390804219e-01 9.866091957811e-02 1.000000000000e-01
7.527527527528e+01 1.013326411941e-01 9.866735880585e-02 1.000000000000e-01
7.537537537538e+01 1.013262329307e-01 9.867376706932e-02 1.000000000000e-01
7.547547547548e+01 1.013198554826e-01 9.868014451741e-02 1.000000000000e-01
7.557557557558e+01 1.013135087017e-01 9.868649129831e-02 1.000000000000e-01
7.567567567568e+01 1.013071924405e-01 9.869280755948e-02 1.000000000000e-01
7.577577577578e+01 1.013009065523e-01 9.869909344768e-02 1.000000000000e-01
7.587587587588e+01 1.012946508910e-01 9.870534910898e-02 1.000000000000e-01
7.597597597598e+01 1.012884253113e-01 9.871157468871e-02 1.000000000000e-01
7.607607607608e+01 1.012822296685e-01 9.871777033153e-02 1.000000000000e-01
7.617617617618e+01 1.012760638186e-01 9.872393618141e-02 1.000000000000e-01
7.627627627628e+01 1.012699276184e-01 9.873007238160e-02 1.000000000000e-01
7.637637637638e+01 1.012638209253e-01 9.873617907469e-02 1.000000000000e-01
7.647647647648e+01 1.012577435974e-01 9.874225640255e-02 1.000000000000e-01
7.657657657658e+01 1.012516954936e-01 9.874830450641e-02 1.000000000000e-01
7.667667667668e+01 1.012456764732e-01 9.875432352679e-02 1.000000000000e-01
7.677677677678e+01 1.012396863965e-01 9.876031360354e-02 1.000000000000e-01
7.687687687688e+01 1.012337251241e-01 9.876627487585e-02 1.000000000000e-01
7.697697697698e+01 1.012277925178e-01 9.877220748222e-02 1.000000000000e-01
7.707707707708e+01 1.012218884395e-01 9.877811156051e-02 1.000000000000e-01
7.717717717718e+01 1.012160127521e-01 9.878398724789e-02 1.000000000000e-01
7.727727727728e+01 1.012101653191e-01 9.878983468089e-02 1.000000000000e-01
7.737737737738e+01 1.012043460046e-01 9.879565399538e-02 1.000000000000e-01
7.747747747748e+01 1.011985546734e-01 9.880144532656e-02 1.000000000000e-01
7.757757757758e+01 1.011927911910e-01 9.880720880901e-02 1.000000000000e-01
7.767767767768e+01 1.011870554234e-01 9.881294457663e-02 1.000000000000e-01
7.777777777778e+01 1.011813472373e-01 9.881865276270e-02 1.000000000000e-01
7.787787787788e+01 1.011756665001e-01 9.882433349986e-02 1.000000000000e-01
7.797797797798e+01 1.011700130799e-01 9.882998692008e-02 1.000000000000e-01
7.807807807808e+01 1.011643868453e-01 9.883561315475e-02 1.000000000000e-01
7.817817817818e+01 1.011587876654e-01 9.884121233457e-02 1.000000000000e-01
7.827827827828e+01 1.011532154104e-01 9.884678458965e-02 1.000000000000e-01
7.837837837838e+01 1.011476699505e-01 9.885233004946e-02 1.000000000000e-01
7.847847847848e+01 1.011421511571e-01 9.885784884285e-02 1.000000000000e-01
7.857857857858e+01 1.011366589019e-01 9.886334109806e-02 1.000000000000e-01
7.867867867868e+01 1.011311930573e-01 9.886880694269e-02 1.000000000000e-01
7.877877877878e+01 1.011257534963e-01 9.887424650375e-02 1.000000000000e-01
7.887887887888e+01 1.011203400924e-01 9.887965990762e-02 1.000000000000e-01
7.897897897898e+01 1.011149527199e-01 9.888504728009e-02 1.000000000000e-01
7.907907907908e+01 1.011095912537e-01 9.889040874634e-02 1.000000000000e-01
7.917917917918e+01 1.011042555691e-01 9.889574443094e-02 1.000000000000e-01
7.927927927928e+01 1.010989455421e-01 9.890105445787e-02 1.000000000000e-01
7.937937937938e+01 1.010936610495e-01 9.890633895050e-02 1.000000000000e-01
7.947947947948e+01 1.010884019684e-01 9.891159803162e-02 1.000000000000e-01
7.957957957958e+01 1.010831681766e-01 9.891683182344e-02 1.000000000000e-01
7.967967967968e+01 1.010779595525e-01 9.892204044755e-02 1.000000000000e-01
7.977977977978e+01 1.010727759750e-01 9.892722402498e-02 1.000000000000e-01
7.987987987988e+01 1.010676173238e-01 9.893238267618e-02 1.000000000000e-01
7.997997997998e+01 1.010624834790e-01 9.893751652100e-02 1.000000000000e-01
8.008008008008e+01 1.010573743213e-01 9.894262567873e-02 1.000000000000e-01
8.018018018018e+01 1.010522897319e-01 9.894771026809e-02 1.000000000000e-01
8.028028028028e+01 1.010472295928e-01 9.895277040722e-02 1.000000000000e-01
8.038038038038e+01 1.010421937863e-01 9.895780621368e-02 1.000000000000e-01
8.048048048048e+01 1.010371821955e-01 9.896281780450e-02 1.000000000000e-01
8.058058058058e+01 1.010321947039e-01 9.896780529611e-02 1.000000000000e-01
8.068068068068e+01 1.010272311956e-01 9.897276880440e-02 1.000000000000e-01
8.078078078078e+01 1.010222915553e-01 9.897770844469e-02 1.000000000000e-01
8.088088088088e+01 1.010173756682e-01 9.898262433177e-02 1.000000000000e-01
8.098098098098e+01 1.010124834201e-01 9.898751657986e-02 1.000000000000e-01
8.108108108108e+01 1.010076146974e-01 9.899238530262e-02 1.000000000000e-01
8.118118118118e+01 1.010027693868e-01 9.899723061318e-02 1.000000000000e-01
8.128128128128e+01 1.009979473759e-01 9.900205262413e-02 1.000000000000e-01
8.138138138138e+01 1.009931485525e-01 9.900685144750e-02 1.000000000000e-01
8.148148148148e+01 1.009883728052e-01 9.901162719480e-02 1.000000000000e-01
8.158158158158e+01 1.009836200230e-01 9.901637997700e-02 1.000000000000e-01
8.168168168168e+01 1.009788900955e-01 9.902110990452e-02 1.000000000000e-01
8.178178178178e+01 1.009741829127e-01 9.902581708727e-02 1.000000000000e-01
8.188188188188e+01 1.009694983654e-01 9.903050163462e-02 1.000000000000e-01
8.198198198198e+01 1.009648363446e-01 9.903516365541e-02 1.000000000000e-01
8.208208208208e+01 1.009601967420e-01 9.903980325797e-02 1.000000000000e-01
8.218218218218e+01 1.009555794499e-01 9.904442055011e-02 1.000000000000e-01
8.228228228228e+01 1.009509843609e-01 9.904901563910e-02 1.000000000000e-01
8.238238238238e+01 1.009464113683e-01 9.905358863171e-02 1.000000000000e-01
8.248248248248e+01 1.009418603658e-01 9.905813963420e-02 1.000000000000e-01
8.258258258258e+01 1.009373312477e-01 9.906266875232e-02 1.000000000000e-01
8.268268268268e+01 1.009328239087e-01 9.906717609129e-02 1.000000000000e-01
8.278278278278e+01 1.009283382441e-01 9.907166175585e-02 1.000000000000e-01
8.288288288288e+01 1.009238741498e-01 9.907612585023e-02 1.000000000000e-01
8.298298298298e+01 1.009194315219e-01 9.908056847814e-02 1.000000000000e-01
8.308308308308e+01 1.009150102572e-01 9.908498974281e-02 1.000000000000e-01
8.318318318318e+01 1.009106102530e-01 9.908938974697e-02 1.000000000000e-01
8.328328328328e+01 1.009062314071e-01 9.909376859287e-02 1.000000000000e-01
8.338338338338e+01 1.009018736178e-01 9.909812638223e-02 1.000000000000e-01
8.348348348348e+01 1.008975367837e-01 9.910246321632e-02 1.000000000000e-01
8.358358358358e+01 1.008932208041e-01 9.910677919590e-02 1.000000000000e-01
8.368368368368e+01 1.008889255787e-01 9.911107442125e-02 1.000000000000e-01
8.378378378378e+01 1.008846510078e-01 9.911534899219e-02 1.000000000000e-01
8.388388388388e+01 1.008803969920e-01 9.911960300802e-02 1.000000000000e-01
8.398398398398e+01 1.008761634324e-01 9.912383656759e-02 1.000000000000e-01
8.408408408408e+01 1.008719502307e-01 9.912804976926e-02 1.000000000000e-01
8.418418418418e+01 1.008677572891e-01 9.913224271095e-02 1.000000000000e-01
8.428428428428e+01 1.008635845099e-01 9.913641549006e-02 1.000000000000e-01
8.438438438438e+01 1.008594317965e-01 9.914056820355e-02 1.000000000000e-01
8.448448448448e+01 1.008552990521e-01 9.914470094791e-02 1.000000000000e-01
8.458458458458e+01 1.008511861808e-01 9.914881381917e-02 1.000000000000e-01
8.468468468468e+01 1.008470930871e-01 9.915290691290e-02 1.000000000000e-01
8.478478478478e+01 1.008430196758e-01 9.915698032418e-02 1.000000000000e-01
8.488488488488e+01 1.008389658523e-01 9.916103414769e-02 1.000000000000e-01
8.498498498498e+01 1.008349315224e-01 9.916506847759e-02 1.000000000000e-01
8.508508508509e+01 1.008309165924e-01 9.916908340764e-02 1.000000000000e-01
8.518518518519e+01 1.008269209689e-01 9.917307903112e-02 1.000000000000e-01
8.528528528529e+01 1.008229445591e-01 9.917705544087e-02 1.000000000000e-01
8.538538538539e+01 1.008189872707e-01 9.918101272928e-02 1.000000000000e-01
8.548548548549e+01 1.008150490117e-01 9.918495098830e-02 1.000000000000e-01
8.558558558559e+01 1.008111296906e-01 9.918887030944e-02 1.000000000000e-01
8.568568568569e+01 1.008072292162e-01 9.919277078377e-02 1.000000000000e-01
8.578578578579e+01 1.008033474981e-01 9.919665250191e-02 1.000000000000e-01
8.588588588589e+01 1.007994844459e-01 9.920051555405e-02 1.000000000000e-01
8.598598598599e+01 1.007956399700e-01 9.920436002996e-02 1.000000000000e-01
8.608608608609e+01 1.007918139810e-01 9.920818601897e-02 1.000000000000e-01
8.618618618619e+01 1.007880063900e-01 9.921199360996e-02 1.000000000000e-01
8.628628628629e+01 1.007842171086e-01 9.921578289142e-02 1.000000000000e-01
8.638638638639e+01 1.007804460486e-01 9.921955395138e-02 1.000000000000e-01
8.648648648649e+01 1.007766931225e-01 9.922330687746e-02 1.000000000000e-01
8.658658658659e+01 1.007729582431e-01 9.922704175688e-02 1.000000000000e-01
8.668668668669e+01 1.007692413236e-01 9.923075867640e-02 1.000000000000e-01
8.678678678679e+01 1.007655422776e-01 9.923445772240e-02 1.000000000000e-01
8.688688688689e+01 1.007618610192e-01 9.923813898081e-02 1.000000000000e-01
8.698698698699e+01 1.007581974628e-01 9.924180253718e-02 1.000000000000e-01
8.708708708709e+01 1.007545515234e-01 9.924544847663e-02 1.000000000000e-01
8.718718718719e+01 1.007509231161e-01 9.924907688388e-02 1.000000000000e-01
8.728728728729e+01 1.007473121568e-01 9.925268784322e-02 1.000000000000e-01
8.738738738739e+01 1.007437185614e-01 9.925628143857e-02 1.000000000000e-01
8.748748748749e+01 1.007401422466e-01 9.925985775341e-02 1.000000000000e-01
8.758758758759e+01 1.007365831291e-01 9.926341687086e-02 1.000000000000e-01
8.768768768769e+01 1.007330411264e-01 9.926695887359e-02 1.000000000000e-01
8.778778778779e+01 1.007295161561e-01 9.927048384392e-02 1.000000000000e-01
8.788788788789e+01 1.007260081362e-01 9.927399186375e-02 1.000000000000e-01
8.798798798799e+01 1.007225169854e-01 9.927748301459e-02 1.000000000000e-01
8.808808808809e+01 1.007190426225e-01 9.928095737755e-02 1.000000000000e-01
8.818818818819e+01 1.007155849666e-01 9.928441503336e-02 1.000000000000e-01
8.828828828829e+01 1.007121439376e-01 9.928785606236e-02 1.000000000000e-01
8.838838838839e+01 1.007087194555e-01 9.929128054451e-02 1.000000000000e-01
8.848848848849e+01 1.007053114406e-01 9.929468855937e-02 1.000000000000e-01
8.858858858859e+01 1.007019198139e-01 9.929808018613e-02 1.000000000000e-01
8.868868868869e+01 1.006985444964e-01 9.930145550360e-02 1.000000000000e-01
8.878878878879e+01 1.006951854098e-01 9.930481459020e-02 1.000000000000e-01
8.888888888889e+01 1.006918424760e-01 9.930815752398e-02 1.000000000000e-01
8.898898898899e+01 1.006885156174e-01 9.931148438262e-02 1.000000000000e-01
8.908908908909e+01 1.006852047566e-01 9.931479524341e-02 1.000000000000e-01
8.918918918919e+01 1.006819098167e-01 9.931809018328e-02 1.000000000000e-01
8.928928928929e+01 1.006786307212e-01 9.932136927880e-02 1.000000000000e-01
8.938938938939e+01 1.006753673938e-01 9.932463260615e-02 1.000000000000e-01
8.948948948949e+01 1.006721197588e-01 9.932788024116e-02 1.000000000000e-01
8.958958958959e+01 1.006688877407e-01 9.933111225929e-02 1.000000000000e-01
8.968968968969e+01 1.006656712644e-01 9.933432873563e-02 1.000000000000e-01
8.978978978979e+01 1.006624702551e-01 9.933752974492e-02 1.000000000000e-01
8.988988988989e+01 1.006592846385e-01 9.934071536154e-02 1.000000000000e-01
8.998998998999e+01 1.006561143405e-01 9.934388565950e-02 1.000000000000e-01
9.009009009009e+01 1.006529592875e-01 9.934704071248e-02 1.000000000000e-01
9.019019019019e+01 1.006498194062e-01 9.935018059376e-02 1.000000000000e-01
9.029029029029e+01 1.006466946237e-01 9.935330537632e-02 1.000000000000e-01
9.039039039039e+01 1.006435848672e-01 9.935641513276e-02 1.000000000000e-01
9.049049049049e+01 1.006404900647e-01 9.935950993533e-02 1.000000000000e-01
9.059059059059e+01 1.006374101441e-01 9.936258985594e-02 1.000000000000e-01
9.069069069069e+01 1.006343450338e-01 9.936565496616e-02 1.000000000000e-01
9.079079079079e+01 1.006312946628e-01 9.936870533720e-02 1.000000000000e-01
9.089089089089e+01 1.006282589601e-01 9.937174103994e-02 1.000000000000e-01
9.099099099099e+01 1.006252378551e-01 9.937476214492e-02 1.000000000000e-01
9.109109109109e+01 1.006222312777e-01 9.937776872232e-02 1.000000000000e-01
9.119119119119e+01 1.006192391580e-01 9.938076084202e-02 1.000000000000e-01
9.129129129129e+01 1.006162614265e-01 9.938373857353e-02 1.000000000000e-01
9.139139139139e+01 1.006132980140e-01 9.938670198604e-02 1.000000000000e-01
9.149149149149e+01 1.006103488516e-01 9.938965114841e-02 1.000000000000e-01
9.159159159159e+01 1.006074138708e-01 9.939258612915e-02 1.000000000000e-01
9.169169169169e+01 1.006044930035e-01 9.939550699648e-02 1.000000000000e-01
9.179179179179e+01 1.006015861818e-01 9.939841381825e-02 1.000000000000e-01
9.189189189189e+01 1.005986933380e-01 9.940130666200e-02 1.000000000000e-01
9.199199199199e+01 1.005958144051e-01 9.940418559495e-02 1.000000000000e-01
9.209209209209e+01 1.005929493160e-01 9.940705068399e-02 1.000000000000e-01
9.219219219219e+01 1.005900980043e-01 9.940990199570e-02 1.000000000000e-01
9.229229229229e+01 1.005872604037e-01 9.941273959633e-02 1.000000000000e-01
9.239239239239e+01 1.005844364482e-01 9.941556355180e-02 1.000000000000e-01
9.249249249249e+01 1.005816260723e-01 9.941837392773e-02 1.000000000000e-01
9.259259259259e+01 1.005788292106e-01 9.942117078943e-02 1.000000000000e-01
9.269269269269e+01 1.005760457981e-01 9.942395420187e-02 1.000000000000e-01
9.279279279279e+01 1.005732757703e-01 9.942672422974e-02 1.000000000000e-01
9.289289289289e+01 1.005705190626e-01 9.942948093739e-02 1.000000000000e-01
9.299299299299e+01 1.005677756111e-01 9.943222438888e-02 1.000000000000e-01
9.309309309309e+01 1.005650453521e-01 9.943495464795e-02 1.000000000000e-01
9.319319319319e+01 1.005623282220e-01 9.943767177804e-02 1.000000000000e-01
9.329329329329e+01 1.005596241577e-01 9.944037584228e-02 1.000000000000e-01
9.339339339339e+01 1.005569330965e-01 9.944306690351e-02 1.000000000000e-01
9.349349349349e+01 1.005542549758e-01 9.944574502424e-02 1.000000000000e-01
9.359359359359e+01 1.005515897333e-01 9.944841026672e-02 1.000000000000e-01
9.369369369369e+01 1.005489373071e-01 9.945106269286e-02 1.000000000000e-01
9.379379379379e+01 1.005462976357e-01 9.945370236429e-02 1.000000000000e-01
9.389389389389e+01 1.005436706576e-01 9.945632934235e-02 1.000000000000e-01
9.399399399399e+01 1.005410563119e-01 9.945894368808e-02 1.000000000000e-01
9.409409409409e+01 1.005384545378e-01 9.946154546222e-02 1.000000000000e-01
9.419419419419e+01 1.005358652748e-01 9.946413472523e-02 1.000000000000e-01
9.429429429429e+01 1.005332884627e-01 9.946671153726e-02 1.000000000000e-01
9.439439439439e+01 1.005307240418e-01 9.946927595819e-02 1.000000000000e-01
9.449449449449e+01 1.005281719524e-01 9.947182804761e-02 1.000000000000e-01
9.459459459459e+01 1.005256321352e-01 9.947436786481e-02 1.000000000000e-01
9.469469469469e+01 1.005231045312e-01 9.947689546881e-02 1.000000000000e-01
9.479479479479e+01 1.005205890817e-01 9.947941091833e-02 1.000000000000e-01
9.489489489489e+01 1.005180857282e-01 9.948191427183e-02 1.000000000000e-01
9.499499499499e+01 1.005155944125e-01 9.948440558746e-02 1.000000000000e-01
9.509509509510e+01 1.005131150769e-01 9.948688492313e-02 1.000000000000e-01
9.519519519520e+01 1.005106476636e-01 9.948935233642e-02 1.000000000000e-01
9.529529529530e+01 1.005081921153e-01 9.949180788469e-02 1.000000000000e-01
9.539539539540e+01 1.005057483750e-01 9.949425162497e-02 1.000000000000e-01
9.549549549550e+01 1.005033163859e-01 9.949668361405e-02 1.000000000000e-01
9.559559559560e+01 1.005008960916e-01 9.949910390844e-02 1.000000000000e-01
9.569569569570e+01 1.004984874356e-01 9.950151256438e-02 1.000000000000e-01
9.579579579580e+01 1.004960903622e-01 9.950390963783e-02 1.000000000000e-01
9.589589589590e+01 1.004937048155e-01 9.950629518449e-02 1.000000000000e-01
9.599599599600e+01 1.004913307402e-01 9.950866925978e-02 1.000000000000e-01
9.609609609610e+01 1.004889680811e-01 9.951103191887e-02 1.000000000000e-01
9.619619619620e+01 1.004866167833e-01 9.951338321666e-02 1.000000000000e-01
9.629629629630e+01 1.004842767922e-01 9.951572320777e-02 1.000000000000e-01
9.639639639640e+01 1.004819480534e-01 9.951805194659e-02 1.000000000000e-01
9.649649649650e+01 1.004796305128e-01 9.952036948721e-02 1.000000000000e-01
9.659659659660e+01 1.004773241165e-01 9.952267588349e-02 1.000000000000e-01
9.669669669670e+01 1.004750288110e-01 9.952497118902e-02 1.000000000000e-01
9.679679679680e+01 1.004727445429e-01 9.952725545713e-02 1.000000000000e-01
9.689689689690e+01 1.004704712591e-01 9.952952874089e-02 1.000000000000e-01
9.699699699700e+01 1.004682089069e-01 9.953179109312e-02 1.000000000000e-01
9.709709709710e+01 1.004659574336e-01 9.953404256639e-02 1.000000000000e-01
9.719719719720e+01 1.004637167870e-01 9.953628321302e-02 1.000000000000e-01
9.729729729730e+01 1.004614869149e-01 9.953851308507e-02 1.000000000000e-01
9.739739739740e+01 1.004592677657e-01 9.954073223434e-02 1.000000000000e-01
9.749749749750e+01 1.004570592876e-01 9.954294071241e-02 1.000000000000e-01
9.759759759760e+01 1.004548614294e-01 9.954513857058e-02 1.000000000000e-01
9.769769769770e+01 1.004526741401e-01 9.954732585992e-02 1.000000000000e-01
9.779779779780e+01 1.004504973687e-01 9.954950263126e-02 1.000000000000e-01
9.789789789790e+01 1.004483310648e-01 9.955166893517e-02 1.000000000000e-01
9.799799799800e+01 1.004461751780e-01 9.955382482199e-02 1.000000000000e-01
9.809809809810e+01 1.004440296582e-01 9.955597034180e-02 1.000000000000e-01
9.819819819820e+01 1.004418944555e-01 9.955810554448e-02 1.000000000000e-01
9.829829829830e+01 1.004397695204e-01 9.956023047961e-02 1.000000000000e-01
9.839839839840e+01 1.004376548034e-01 9.956234519658e-02 1.000000000000e-01
9.849849849850e+01 1.004355502555e-01 9.956444974453e-02 1.000000000000e-01
9.859859859860e+01 1.004334558277e-01 9.956654417235e-02 1.000000000000e-01
9.869869869870e+01 1.004313714713e-01 9.956862852871e-02 1.000000000000e-01
9.879879879880e+01 1.004292971380e-01 9.957070286203e-02 1.000000000000e-01
9.889889889890e+01 1.004272327795e-01 9.957276722053e-02 1.000000000000e-01
9.899899899900e+01 1.004251783479e-01 9.957482165215e-02 1.000000000000e-01
9.909909909910e+01 1.004231337954e-01 9.957686620464e-02 1.000000000000e-01
9.919919919920e+01 1.004210990745e-01 9.957890092551e-02 1.000000000000e-01
9.929929929930e+01 1.004190741380e-01 9.958092586202e-02 1.000000000000e-01
9.939939939940e+01 1.004170589388e-01 9.958294106124e-02 1.000000000000e-01
9.949949949950e+01 1.004150534300e-01 9.958494656998e-02 1.000000000000e-01
9.959959959960e+01 1.004130575652e-01 9.958694243484e-02 1.000000000000e-01
9.969969969970e+01 1.004110712978e-01 9.958892870220e-02 1.000000000000e-01
9.979979979980e+01 1.004090945818e-01 9.959090541820e-02 1.000000000000e-01
9.989989989990e+01 1.004071273712e-01 9.959287262879e-02 1.000000000000e-01
1.000000000000e+02 1.004051696203e-01 9.959483037966e-02 1.000000000000e-01
