t h2_euler h2_rk2 h2_rk4
0.000000000000e+00 5.000000000000e-02 5.000000000000e-02 5.000000000000e-02
1.000000000000e+01 7.407736244665e-02 6.828016862278e-02 6.909868468115e-02
2.000000000000e+01 8.656033724556e-02 7.987704594801e-02 8.090217423129e-02
3.000000000000e+01 9.303216987155e-02 8.723406581319e-02 8.819704128033e-02
4.000000000000e+01 9.638750930094e-02 9.190133440443e-02 9.270546101816e-02
5.000000000000e+01 9.812709425887e-02 9.486223385856e-02 9.549178301633e-02
6.000000000000e+01 9.902898686602e-02 9.674061848676e-02 9.721380330924e-02
7.000000000000e+01 9.949657556937e-02 9.793225936012e-02 9.827805715037e-02
8.000000000000e+01 9.973899821898e-02 9.868823231142e-02 9.893579402085e-02
9.000000000000e+01 9.986468290860e-02 9.916781900225e-02 9.934229270948e-02
1.000000000000e+02 9.992984448170e-02 9.947206718152e-02 9.959351959256e-02
