t h2_exato
0.000000000000e+00 5.000000000000e-02
1.001001001001e-01 5.024043469076e-02
2.002002002002e-01 5.047971320470e-02
3.003003003003e-01 5.071784110154e-02
4.004004004004e-01 5.095482391423e-02
5.005005005005e-01 5.119066714914e-02
6.006006006006e-01 5.142537628614e-02
7.007007007007e-01 5.165895677877e-02
8.008008008008e-01 5.189141405432e-02
9.009009009009e-01 5.212275351402e-02
1.001001001001e+00 5.235298053308e-02
1.101101101101e+00 5.258210046090e-02
1.201201201201e+00 5.281011862114e-02
1.301301301301e+00 5.303704031187e-02
1.401401401401e+00 5.326287080566e-02
1.501501501502e+00 5.348761534975e-02
1.601601601602e+00 5.371127916615e-02
1.701701701702e+00 5.393386745173e-02
1.801801801802e+00 5.415538537841e-02
1.901901901902e+00 5.437583809320e-02
2.002002002002e+00 5.459523071838e-02
2.102102102102e+00 5.481356835160e-02
2.202202202202e+00 5.503085606600e-02
2.302302302302e+00 5.524709891031e-02
2.402402402402e+00 5.546230190899e-02
2.502502502503e+00 5.567647006234e-02
2.602602602603e+00 5.588960834661e-02
2.702702702703e+00 5.610172171414e-02
2.802802802803e+00 5.631281509343e-02
2.902902902903e+00 5.652289338929e-02
3.003003003003e+00 5.673196148295e-02
3.103103103103e+00 5.694002423216e-02
3.203203203203e+00 5.714708647132e-02
3.303303303303e+00 5.735315301156e-02
3.403403403403e+00 5.755822864091e-02
3.503503503504e+00 5.776231812435e-02
3.603603603604e+00 5.796542620395e-02
3.703703703704e+00 5.816755759899e-02
3.803803803804e+00 5.836871700603e-02
3.903903903904e+00 5.856890909908e-02
4.004004004004e+00 5.876813852965e-02
4.104104104104e+00 5.896640992689e-02
4.204204204204e+00 5.916372789769e-02
4.304304304304e+00 5.936009702678e-02
4.404404404404e+00 5.955552187686e-02
4.504504504505e+00 5.975000698867e-02
4.604604604605e+00 5.994355688112e-02
4.704704704705e+00 6.013617605140e-02
4.804804804805e+00 6.032786897507e-02
4.904904904905e+00 6.051864010617e-02
5.005005005005e+00 6.070849387730e-02
5.105105105105e+00 6.089743469978e-02
5.205205205205e+00 6.108546696370e-02
5.305305305305e+00 6.127259503803e-02
5.405405405405e+00 6.145882327075e-02
5.505505505506e+00 6.164415598891e-02
5.605605605606e+00 6.182859749878e-02
5.705705705706e+00 6.201215208591e-02
5.805805805806e+00 6.219482401522e-02
5.905905905906e+00 6.237661753116e-02
6.006006006006e+00 6.255753685774e-02
6.106106106106e+00 6.273758619868e-02
6.206206206206e+00 6.291676973746e-02
6.306306306306e+00 6.309509163747e-02
6.406406406406e+00 6.327255604206e-02
6.506506506507e+00 6.344916707467e-02
6.606606606607e+00 6.362492883890e-02
6.706706706707e+00 6.379984541862e-02
6.806806806807e+00 6.397392087806e-02
6.906906906907e+00 6.414715926192e-02
7.007007007007e+00 6.431956459543e-02
7.107107107107e+00 6.449114088448e-02
7.207207207207e+00 6.466189211569e-02
7.307307307307e+00 6.483182225652e-02
7.407407407407e+00 6.500093525532e-02
7.507507507508e+00 6.516923504149e-02
7.607607607608e+00 6.533672552553e-02
7.707707707708e+00 6.550341059911e-02
7.807807807808e+00 6.566929413520e-02
7.907907907908e+00 6.583437998816e-02
8.008008008008e+00 6.599867199380e-02
8.108108108108e+00 6.616217396949e-02
8.208208208208e+00 6.632488971425e-02
8.308308308308e+00 6.648682300880e-02
8.408408408408e+00 6.664797761572e-02
8.508508508509e+00 6.680835727949e-02
8.608608608609e+00 6.696796572655e-02
8.708708708709e+00 6.712680666546e-02
8.808808808809e+00 6.728488378694e-02
8.908908908909e+00 6.744220076393e-02
9.009009009009e+00 6.759876125175e-02
9.109109109109e+00 6.775456888813e-02
9.209209209209e+00 6.790962729328e-02
9.309309309309e+00 6.806394007004e-02
9.409409409409e+00 6.821751080391e-02
9.509509509510e+00 6.837034306313e-02
9.609609609610e+00 6.852244039882e-02
9.709709709710e+00 6.867380634499e-02
9.809809809810e+00 6.882444441867e-02
9.909909909910e+00 6.897435811998e-02
1.001001001001e+01 6.912355093220e-02
1.011011011011e+01 6.927202632187e-02
1.021021021021e+01 6.941978773884e-02
1.031031031031e+01 6.956683861641e-02
1.041041041041e+01 6.971318237133e-02
1.051051051051e+01 6.985882240394e-02
1.061061061061e+01 7.000376209823e-02
1.071071071071e+01 7.014800482191e-02
1.081081081081e+01 7.029155392649e-02
1.091091091091e+01 7.043441274738e-02
1.101101101101e+01 7.057658460394e-02
1.111111111111e+01 7.071807279958e-02
1.121121121121e+01 7.085888062180e-02
1.131131131131e+01 7.099901134232e-02
1.141141141141e+01 7.113846821711e-02
1.151151151151e+01 7.127725448649e-02
1.161161161161e+01 7.141537337520e-02
1.171171171171e+01 7.155282809246e-02
1.181181181181e+01 7.168962183207e-02
1.191191191191e+01 7.182575777247e-02
1.201201201201e+01 7.196123907682e-02
1.211211211211e+01 7.209606889305e-02
1.221221221221e+01 7.223025035398e-02
1.231231231231e+01 7.236378657735e-02
1.241241241241e+01 7.249668066591e-02
1.251251251251e+01 7.262893570749e-02
1.261261261261e+01 7.276055477507e-02
1.271271271271e+01 7.289154092685e-02
1.281281281281e+01 7.302189720633e-02
1.291291291291e+01 7.315162664238e-02
1.301301301301e+01 7.328073224929e-02
1.311311311311e+01 7.340921702687e-02
1.321321321321e+01 7.353708396049e-02
1.331331331331e+01 7.366433602118e-02
1.341341341341e+01 7.379097616568e-02
1.351351351351e+01 7.391700733649e-02
1.361361361361e+01 7.404243246199e-02
1.371371371371e+01 7.416725445647e-02
1.381381381381e+01 7.429147622019e-02
1.391391391391e+01 7.441510063949e-02
1.401401401401e+01 7.453813058681e-02
1.411411411411e+01 7.466056892077e-02
1.421421421421e+01 7.478241848628e-02
1.431431431431e+01 7.490368211454e-02
1.441441441441e+01 7.502436262314e-02
1.451451451451e+01 7.514446281612e-02
1.461461461461e+01 7.526398548405e-02
1.471471471471e+01 7.538293340407e-02
1.481481481481e+01 7.550130933995e-02
1.491491491491e+01 7.561911604221e-02
1.501501501502e+01 7.573635624811e-02
1.511511511512e+01 7.585303268175e-02
1.521521521522e+01 7.596914805415e-02
1.531531531532e+01 7.608470506327e-02
1.541541541542e+01 7.619970639412e-02
1.551551551552e+01 7.631415471878e-02
1.561561561562e+01 7.642805269649e-02
1.571571571572e+01 7.654140297370e-02
1.581581581582e+01 7.665420818414e-02
1.591591591592e+01 7.676647094885e-02
1.601601601602e+01 7.687819387630e-02
1.611611611612e+01 7.698937956240e-02
1.621621621622e+01 7.710003059059e-02
1.631631631632e+01 7.721014953185e-02
1.641641641642e+01 7.731973894485e-02
1.651651651652e+01 7.742880137591e-02
1.661661661662e+01 7.753733935913e-02
1.671671671672e+01 7.764535541643e-02
1.681681681682e+01 7.775285205758e-02
1.691691691692e+01 7.785983178029e-02
1.701701701702e+01 7.796629707028e-02
1.711711711712e+01 7.807225040128e-02
1.721721721722e+01 7.817769423515e-02
1.731731731732e+01 7.828263102192e-02
1.741741741742e+01 7.838706319980e-02
1.751751751752e+01 7.849099319532e-02
1.761761761762e+01 7.859442342331e-02
1.771771771772e+01 7.869735628701e-02
1.781781781782e+01 7.879979417808e-02
1.791791791792e+01 7.890173947669e-02
1.801801801802e+01 7.900319455158e-02
1.811811811812e+01 7.910416176008e-02
1.821821821822e+01 7.920464344819e-02
1.831831831832e+01 7.930464195062e-02
1.841841841842e+01 7.940415959088e-02
1.851851851852e+01 7.950319868127e-02
1.861861861862e+01 7.960176152300e-02
1.871871871872e+01 7.969985040620e-02
1.881881881882e+01 7.979746761000e-02
1.891891891892e+01 7.989461540256e-02
1.901901901902e+01 7.999129604112e-02
1.911911911912e+01 8.008751177210e-02
1.921921921922e+01 8.018326483108e-02
1.931931931932e+01 8.027855744293e-02
1.941941941942e+01 8.037339182178e-02
1.951951951952e+01 8.046777017114e-02
1.961961961962e+01 8.056169468391e-02
1.971971971972e+01 8.065516754246e-02
1.981981981982e+01 8.074819091865e-02
1.991991991992e+01 8.084076697391e-02
2.002002002002e+01 8.093289785927e-02
2.012012012012e+01 8.102458571541e-02
2.022022022022e+01 8.111583267272e-02
2.032032032032e+01 8.120664085135e-02
2.042042042042e+01 8.129701236125e-02
2.052052052052e+01 8.138694930224e-02
2.062062062062e+01 8.147645376401e-02
2.072072072072e+01 8.156552782623e-02
2.082082082082e+01 8.165417355855e-02
2.092092092092e+01 8.174239302070e-02
2.102102102102e+01 8.183018826246e-02
2.112112112112e+01 8.191756132378e-02
2.122122122122e+01 8.200451423481e-02
2.132132132132e+01 8.209104901591e-02
2.142142142142e+01 8.217716767774e-02
2.152152152152e+01 8.226287222130e-02
2.162162162162e+01 8.234816463794e-02
2.172172172172e+01 8.243304690948e-02
2.182182182182e+01 8.251752100815e-02
2.192192192192e+01 8.260158889676e-02
2.202202202202e+01 8.268525252862e-02
2.212212212212e+01 8.276851384770e-02
2.222222222222e+01 8.285137478858e-02
2.232232232232e+01 8.293383727658e-02
2.242242242242e+01 8.301590322771e-02
2.252252252252e+01 8.309757454882e-02
2.262262262262e+01 8.317885313755e-02
2.272272272272e+01 8.325974088243e-02
2.282282282282e+01 8.334023966291e-02
2.292292292292e+01 8.342035134940e-02
2.302302302302e+01 8.350007780333e-02
2.312312312312e+01 8.357942087715e-02
2.322322322322e+01 8.365838241441e-02
2.332332332332e+01 8.373696424983e-02
2.342342342342e+01 8.381516820926e-02
2.352352352352e+01 8.389299610979e-02
2.362362362362e+01 8.397044975977e-02
2.372372372372e+01 8.404753095887e-02
2.382382382382e+01 8.412424149809e-02
2.392392392392e+01 8.420058315981e-02
2.402402402402e+01 8.427655771785e-02
2.412412412412e+01 8.435216693750e-02
2.422422422422e+01 8.442741257557e-02
2.432432432432e+01 8.450229638041e-02
2.442442442442e+01 8.457682009195e-02
2.452452452452e+01 8.465098544178e-02
2.462462462462e+01 8.472479415316e-02
2.472472472472e+01 8.479824794104e-02
2.482482482482e+01 8.487134851215e-02
2.492492492492e+01 8.494409756499e-02
2.502502502503e+01 8.501649678991e-02
2.512512512513e+01 8.508854786912e-02
2.522522522523e+01 8.516025247676e-02
2.532532532533e+01 8.523161227889e-02
2.542542542543e+01 8.530262893359e-02
2.552552552553e+01 8.537330409093e-02
2.562562562563e+01 8.544363939309e-02
2.572572572573e+01 8.551363647431e-02
2.582582582583e+01 8.558329696100e-02
2.592592592593e+01 8.565262247174e-02
2.602602602603e+01 8.572161461732e-02
2.612612612613e+01 8.579027500080e-02
2.622622622623e+01 8.585860521752e-02
2.632632632633e+01 8.592660685515e-02
2.642642642643e+01 8.599428149372e-02
2.652652652653e+01 8.606163070568e-02
2.662662662663e+01 8.612865605590e-02
2.672672672673e+01 8.619535910173e-02
2.682682682683e+01 8.626174139304e-02
2.692692692693e+01 8.632780447223e-02
2.702702702703e+01 8.639354987431e-02
2.712712712713e+01 8.645897912687e-02
2.722722722723e+01 8.652409375020e-02
2.732732732733e+01 8.658889525723e-02
2.742742742743e+01 8.665338515366e-02
2.752752752753e+01 8.671756493793e-02
2.762762762763e+01 8.678143610126e-02
2.772772772773e+01 8.684500012773e-02
2.782782782783e+01 8.690825849425e-02
2.792792792793e+01 8.697121267066e-02
2.802802802803e+01 8.703386411971e-02
2.812812812813e+01 8.709621429712e-02
2.822822822823e+01 8.715826465162e-02
2.832832832833e+01 8.722001662497e-02
2.842842842843e+01 8.728147165198e-02
2.852852852853e+01 8.734263116059e-02
2.862862862863e+01 8.740349657184e-02
2.872872872873e+01 8.746406929997e-02
2.882882882883e+01 8.752435075239e-02
2.892892892893e+01 8.758434232977e-02
2.902902902903e+01 8.764404542602e-02
2.912912912913e+01 8.770346142836e-02
2.922922922923e+01 8.776259171734e-02
2.932932932933e+01 8.782143766686e-02
2.942942942943e+01 8.788000064423e-02
2.952952952953e+01 8.793828201017e-02
2.962962962963e+01 8.799628311887e-02
2.972972972973e+01 8.805400531799e-02
2.982982982983e+01 8.811144994874e-02
2.992992992993e+01 8.816861834584e-02
3.003003003003e+01 8.822551183762e-02
3.013013013013e+01 8.828213174603e-02
3.023023023023e+01 8.833847938663e-02
3.033033033033e+01 8.839455606868e-02
3.043043043043e+01 8.845036309513e-02
3.053053053053e+01 8.850590176268e-02
3.063063063063e+01 8.856117336179e-02
3.073073073073e+01 8.861617917669e-02
3.083083083083e+01 8.867092048548e-02
3.093093093093e+01 8.872539856007e-02
3.103103103103e+01 8.877961466628e-02
3.113113113113e+01 8.883357006384e-02
3.123123123123e+01 8.888726600641e-02
3.133133133133e+01 8.894070374164e-02
3.143143143143e+01 8.899388451116e-02
3.153153153153e+01 8.904680955064e-02
3.163163163163e+01 8.909948008981e-02
3.173173173173e+01 8.915189735248e-02
3.183183183183e+01 8.920406255659e-02
3.193193193193e+01 8.925597691420e-02
3.203203203203e+01 8.930764163156e-02
3.213213213213e+01 8.935905790912e-02
3.223223223223e+01 8.941022694154e-02
3.233233233233e+01 8.946114991775e-02
3.243243243243e+01 8.951182802096e-02
3.253253253253e+01 8.956226242869e-02
3.263263263263e+01 8.961245431279e-02
3.273273273273e+01 8.966240483949e-02
3.283283283283e+01 8.971211516940e-02
3.293293293293e+01 8.976158645756e-02
3.303303303303e+01 8.981081985344e-02
3.313313313313e+01 8.985981650099e-02
3.323323323323e+01 8.990857753866e-02
3.333333333333e+01 8.995710409944e-02
3.343343343343e+01 9.000539731084e-02
3.353353353353e+01 9.005345829498e-02
3.363363363363e+01 9.010128816856e-02
3.373373373373e+01 9.014888804292e-02
3.383383383383e+01 9.019625902406e-02
3.393393393393e+01 9.024340221266e-02
3.403403403403e+01 9.029031870409e-02
3.413413413413e+01 9.033700958849e-02
3.423423423423e+01 9.038347595072e-02
3.433433433433e+01 9.042971887044e-02
3.443443443443e+01 9.047573942211e-02
3.453453453453e+01 9.052153867505e-02
3.463463463463e+01 9.056711769340e-02
3.473473473473e+01 9.061247753620e-02
3.483483483483e+01 9.065761925742e-02
3.493493493493e+01 9.070254390591e-02
3.503503503504e+01 9.074725252553e-02
3.513513513514e+01 9.079174615508e-02
3.523523523524e+01 9.083602582839e-02
3.533533533534e+01 9.088009257431e-02
3.543543543544e+01 9.092394741675e-02
3.553553553554e+01 9.096759137467e-02
3.563563563564e+01 9.101102546216e-02
3.573573573574e+01 9.105425068843e-02
3.583583583584e+01 9.109726805781e-02
3.593593593594e+01 9.114007856984e-02
3.603603603604e+01 9.118268321923e-02
3.613613613614e+01 9.122508299590e-02
3.623623623624e+01 9.126727888502e-02
3.633633633634e+01 9.130927186704e-02
3.643643643644e+01 9.135106291766e-02
3.653653653654e+01 9.139265300791e-02
3.663663663664e+01 9.143404310416e-02
3.673673673674e+01 9.147523416811e-02
3.683683683684e+01 9.151622715684e-02
3.693693693694e+01 9.155702302284e-02
3.703703703704e+01 9.159762271401e-02
3.713713713714e+01 9.163802717370e-02
3.723723723724e+01 9.167823734071e-02
3.733733733734e+01 9.171825414934e-02
3.743743743744e+01 9.175807852939e-02
3.753753753754e+01 9.179771140619e-02
3.763763763764e+01 9.183715370062e-02
3.773773773774e+01 9.187640632914e-02
3.783783783784e+01 9.191547020378e-02
3.793793793794e+01 9.195434623221e-02
3.803803803804e+01 9.199303531772e-02
3.813813813814e+01 9.203153835927e-02
3.823823823824e+01 9.206985625147e-02
3.833833833834e+01 9.210798988467e-02
3.843843843844e+01 9.214594014490e-02
3.853853853854e+01 9.218370791395e-02
3.863863863864e+01 9.222129406936e-02
3.873873873874e+01 9.225869948446e-02
3.883883883884e+01 9.229592502837e-02
3.893893893894e+01 9.233297156604e-02
3.903903903904e+01 9.236983995825e-02
3.913913913914e+01 9.240653106165e-02
3.923923923924e+01 9.244304572877e-02
3.933933933934e+01 9.247938480804e-02
3.943943943944e+01 9.251554914379e-02
3.953953953954e+01 9.255153957634e-02
3.963963963964e+01 9.258735694191e-02
3.973973973974e+01 9.262300207274e-02
3.983983983984e+01 9.265847579704e-02
3.993993993994e+01 9.269377893907e-02
4.004004004004e+01 9.272891231910e-02
4.014014014014e+01 9.276387675346e-02
4.024024024024e+01 9.279867305456e-02
4.034034034034e+01 9.283330203090e-02
4.044044044044e+01 9.286776448710e-02
4.054054054054e+01 9.290206122390e-02
4.064064064064e+01 9.293619303820e-02
4.074074074074e+01 9.297016072304e-02
4.084084084084e+01 9.300396506770e-02
4.094094094094e+01 9.303760685761e-02
4.104104104104e+01 9.307108687445e-02
4.114114114114e+01 9.310440589614e-02
4.124124124124e+01 9.313756469686e-02
4.134134134134e+01 9.317056404706e-02
4.144144144144e+01 9.320340471349e-02
4.154154154154e+01 9.323608745921e-02
4.164164164164e+01 9.326861304361e-02
4.174174174174e+01 9.330098222243e-02
4.184184184184e+01 9.333319574779e-02
4.194194194194e+01 9.336525436816e-02
4.204204204204e+01 9.339715882845e-02
4.214214214214e+01 9.342890986995e-02
4.224224224224e+01 9.346050823042e-02
4.234234234234e+01 9.349195464404e-02
4.244244244244e+01 9.352324984150e-02
4.254254254254e+01 9.355439454992e-02
4.264264264264e+01 9.358538949299e-02
4.274274274274e+01 9.361623539086e-02
4.284284284284e+01 9.364693296025e-02
4.294294294294e+01 9.367748291443e-02
4.304304304304e+01 9.370788596324e-02
4.314314314314e+01 9.373814281309e-02
4.324324324324e+01 9.376825416702e-02
4.334334334334e+01 9.379822072466e-02
4.344344344344e+01 9.382804318231e-02
4.354354354354e+01 9.385772223288e-02
4.364364364364e+01 9.388725856599e-02
4.374374374374e+01 9.391665286792e-02
4.384384384384e+01 9.394590582165e-02
4.394394394394e+01 9.397501810688e-02
4.404404404404e+01 9.400399040005e-02
4.414414414414e+01 9.403282337433e-02
4.424424424424e+01 9.406151769966e-02
4.434434434434e+01 9.409007404277e-02
4.444444444444e+01 9.411849306717e-02
4.454454454454e+01 9.414677543318e-02
4.464464464464e+01 9.417492179795e-02
4.474474474474e+01 9.420293281548e-02
4.484484484484e+01 9.423080913659e-02
4.494494494494e+01 9.425855140901e-02
4.504504504505e+01 9.428616027734e-02
4.514514514515e+01 9.431363638308e-02
4.524524524525e+01 9.434098036463e-02
4.534534534535e+01 9.436819285736e-02
4.544544544545e+01 9.439527449353e-02
4.554554554555e+01 9.442222590241e-02
4.564564564565e+01 9.444904771021e-02
4.574574574575e+01 9.447574054016e-02
4.584584584585e+01 9.450230501246e-02
4.594594594595e+01 9.452874174434e-02
4.604604604605e+01 9.455505135008e-02
4.614614614615e+01 9.458123444097e-02
4.624624624625e+01 9.460729162540e-02
4.634634634635e+01 9.463322350881e-02
4.644644644645e+01 9.465903069373e-02
4.654654654655e+01 9.468471377980e-02
4.664664664665e+01 9.471027336377e-02
4.674674674675e+01 9.473571003953e-02
4.684684684685e+01 9.476102439811e-02
4.694694694695e+01 9.478621702768e-02
4.704704704705e+01 9.481128851361e-02
4.714714714715e+01 9.483623943845e-02
4.724724724725e+01 9.486107038192e-02
4.734734734735e+01 9.488578192099e-02
4.744744744745e+01 9.491037462984e-02
4.754754754755e+01 9.493484907988e-02
4.764764764765e+01 9.495920583978e-02
4.774774774775e+01 9.498344547548e-02
4.784784784785e+01 9.500756855020e-02
4.794794794795e+01 9.503157562443e-02
4.804804804805e+01 9.505546725600e-02
4.814814814815e+01 9.507924400002e-02
4.824824824825e+01 9.510290640897e-02
4.834834834835e+01 9.512645503263e-02
4.844844844845e+01 9.514989041817e-02
4.854854854855e+01 9.517321311012e-02
4.864864864865e+01 9.519642365038e-02
4.874874874875e+01 9.521952257827e-02
4.884884884885e+01 9.524251043048e-02
4.894894894895e+01 9.526538774115e-02
4.904904904905e+01 9.528815504183e-02
4.914914914915e+01 9.531081286154e-02
4.924924924925e+01 9.533336172673e-02
4.934934934935e+01 9.535580216134e-02
4.944944944945e+01 9.537813468676e-02
4.954954954955e+01 9.540035982190e-02
4.964964964965e+01 9.542247808318e-02
4.974974974975e+01 9.544448998451e-02
4.984984984985e+01 9.546639603735e-02
4.994994994995e+01 9.548819675068e-02
5.005005005005e+01 9.550989263106e-02
5.015015015015e+01 9.553148418260e-02
5.025025025025e+01 9.555297190697e-02
5.035035035035e+01 9.557435630346e-02
5.045045045045e+01 9.559563786893e-02
5.055055055055e+01 9.561681709787e-02
5.065065065065e+01 9.563789448238e-02
5.075075075075e+01 9.565887051221e-02
5.085085085085e+01 9.567974567472e-02
5.095095095095e+01 9.570052045498e-02
5.105105105105e+01 9.572119533567e-02
5.115115115115e+01 9.574177079720e-02
5.125125125125e+01 9.576224731763e-02
5.135135135135e+01 9.578262537274e-02
5.145145145145e+01 9.580290543603e-02
5.155155155155e+01 9.582308797870e-02
5.165165165165e+01 9.584317346971e-02
5.175175175175e+01 9.586316237573e-02
5.185185185185e+01 9.588305516123e-02
5.195195195195e+01 9.590285228841e-02
5.205205205205e+01 9.592255421727e-02
5.215215215215e+01 9.594216140559e-02
5.225225225225e+01 9.596167430894e-02
5.235235235235e+01 9.598109338072e-02
5.245245245245e+01 9.600041907212e-02
5.255255255255e+01 9.601965183219e-02
5.265265265265e+01 9.603879210781e-02
5.275275275275e+01 9.605784034370e-02
5.285285285285e+01 9.607679698246e-02
5.295295295295e+01 9.609566246454e-02
5.305305305305e+01 9.611443722830e-02
5.315315315315e+01 9.613312170997e-02
5.325325325325e+01 9.615171634369e-02
5.335335335335e+01 9.617022156151e-02
5.345345345345e+01 9.618863779340e-02
5.355355355355e+01 9.620696546727e-02
5.365365365365e+01 9.622520500896e-02
5.375375375375e+01 9.624335684229e-02
5.385385385385e+01 9.626142138901e-02
5.395395395395e+01 9.627939906885e-02
5.405405405405e+01 9.629729029954e-02
5.415415415415e+01 9.631509549678e-02
5.425425425425e+01 9.633281507427e-02
5.435435435435e+01 9.635044944374e-02
5.445445445445e+01 9.636799901493e-02
5.455455455455e+01 9.638546419560e-02
5.465465465465e+01 9.640284539157e-02
5.475475475475e+01 9.642014300669e-02
5.485485485485e+01 9.643735744287e-02
5.495495495495e+01 9.645448910010e-02
5.505505505506e+01 9.647153837644e-02
5.515515515516e+01 9.648850566802e-02
5.525525525526e+01 9.650539136910e-02
5.535535535536e+01 9.652219587201e-02
5.545545545546e+01 9.653891956721e-02
5.555555555556e+01 9.655556284328e-02
5.565565565566e+01 9.657212608693e-02
5.575575575576e+01 9.658860968302e-02
5.585585585586e+01 9.660501401454e-02
5.595595595596e+01 9.662133946265e-02
5.605605605606e+01 9.663758640668e-02
5.615615615616e+01 9.665375522413e-02
5.625625625626e+01 9.666984629068e-02
5.635635635636e+01 9.668585998023e-02
5.645645645646e+01 9.670179666485e-02
5.655655655656e+01 9.671765671482e-02
5.665665665666e+01 9.673344049868e-02
5.675675675676e+01 9.674914838315e-02
5.685685685686e+01 9.676478073321e-02
5.695695695696e+01 9.678033791209e-02
5.705705705706e+01 9.679582028126e-02
5.715715715716e+01 9.681122820046e-02
5.725725725726e+01 9.682656202769e-02
5.735735735736e+01 9.684182211924e-02
5.745745745746e+01 9.685700882968e-02
5.755755755756e+01 9.687212251188e-02
5.765765765766e+01 9.688716351701e-02
5.775775775776e+01 9.690213219456e-02
5.785785785786e+01 9.691702889231e-02
5.795795795796e+01 9.693185395641e-02
5.805805805806e+01 9.694660773131e-02
5.815815815816e+01 9.696129055983e-02
5.825825825826e+01 9.697590278312e-02
5.835835835836e+01 9.699044474071e-02
5.845845845846e+01 9.700491677047e-02
5.855855855856e+01 9.701931920867e-02
5.865865865866e+01 9.703365238996e-02
5.875875875876e+01 9.704791664736e-02
5.885885885886e+01 9.706211231232e-02
5.895895895896e+01 9.707623971468e-02
5.905905905906e+01 9.709029918268e-02
5.915915915916e+01 9.710429104300e-02
5.925925925926e+01 9.711821562075e-02
5.935935935936e+01 9.713207323947e-02
5.945945945946e+01 9.714586422115e-02
5.955955955956e+01 9.715958888622e-02
5.965965965966e+01 9.717324755357e-02
5.975975975976e+01 9.718684054058e-02
5.985985985986e+01 9.720036816307e-02
5.995995995996e+01 9.721383073537e-02
6.006006006006e+01 9.722722857028e-02
6.016016016016e+01 9.724056197911e-02
6.026026026026e+01 9.725383127165e-02
6.036036036036e+01 9.726703675623e-02
6.046046046046e+01 9.728017873968e-02
6.056056056056e+01 9.729325752735e-02
6.066066066066e+01 9.730627342314e-02
6.076076076076e+01 9.731922672947e-02
6.086086086086e+01 9.733211774731e-02
6.096096096096e+01 9.734494677620e-02
6.106106106106e+01 9.735771411422e-02
6.116116116116e+01 9.737042005801e-02
6.126126126126e+01 9.738306490282e-02
6.136136136136e+01 9.739564894243e-02
6.146146146146e+01 9.740817246926e-02
6.156156156156e+01 9.742063577427e-02
6.166166166166e+01 9.743303914707e-02
6.176176176176e+01 9.744538287585e-02
6.186186186186e+01 9.745766724742e-02
6.196196196196e+01 9.746989254720e-02
6.206206206206e+01 9.748205905926e-02
6.216216216216e+01 9.749416706629e-02
6.226226226226e+01 9.750621684962e-02
6.236236236236e+01 9.751820868923e-02
6.246246246246e+01 9.753014286376e-02
6.256256256256e+01 9.754201965049e-02
6.266266266266e+01 9.755383932540e-02
6.276276276276e+01 9.756560216310e-02
6.286286286286e+01 9.757730843692e-02
6.296296296296e+01 9.758895841886e-02
6.306306306306e+01 9.760055237960e-02
6.316316316316e+01 9.761209058853e-02
6.326326326326e+01 9.762357331375e-02
6.336336336336e+01 9.763500082206e-02
6.346346346346e+01 9.764637337898e-02
6.356356356356e+01 9.765769124875e-02
6.366366366366e+01 9.766895469436e-02
6.376376376376e+01 9.768016397750e-02
6.386386386386e+01 9.769131935864e-02
6.396396396396e+01 9.770242109696e-02
6.406406406406e+01 9.771346945042e-02
6.416416416416e+01 9.772446467573e-02
6.426426426426e+01 9.773540702837e-02
6.436436436436e+01 9.774629676259e-02
6.446446446446e+01 9.775713413141e-02
6.456456456456e+01 9.776791938664e-02
6.466466466466e+01 9.777865277888e-02
6.476476476476e+01 9.778933455752e-02
6.486486486486e+01 9.779996497076e-02
6.496496496496e+01 9.781054426560e-02
6.506506506507e+01 9.782107268785e-02
6.516516516517e+01 9.783155048214e-02
6.526526526527e+01 9.784197789192e-02
6.536536536537e+01 9.785235515949e-02
6.546546546547e+01 9.786268252595e-02
6.556556556557e+01 9.787296023127e-02
6.566566566567e+01 9.788318851425e-02
6.576576576577e+01 9.789336761255e-02
6.586586586587e+01 9.790349776268e-02
6.596596596597e+01 9.791357920002e-02
6.606606606607e+01 9.792361215882e-02
6.616616616617e+01 9.793359687219e-02
6.626626626627e+01 9.794353357213e-02
6.636636636637e+01 9.795342248952e-02
6.646646646647e+01 9.796326385414e-02
6.656656656657e+01 9.797305789464e-02
6.666666666667e+01 9.798280483861e-02
6.676676676677e+01 9.799250491251e-02
6.686686686687e+01 9.800215834172e-02
6.696696696697e+01 9.801176535054e-02
6.706706706707e+01 9.802132616221e-02
6.716716716717e+01 9.803084099885e-02
6.726726726727e+01 9.804031008156e-02
6.736736736737e+01 9.804973363035e-02
6.746746746747e+01 9.805911186418e-02
6.756756756757e+01 9.806844500096e-02
6.766766766767e+01 9.807773325753e-02
6.776776776777e+01 9.808697684973e-02
6.786786786787e+01 9.809617599232e-02
6.796796796797e+01 9.810533089905e-02
6.806806806807e+01 9.811444178264e-02
6.816816816817e+01 9.812350885478e-02
6.826826826827e+01 9.813253232614e-02
6.836836836837e+01 9.814151240639e-02
6.846846846847e+01 9.815044930419e-02
6.856856856857e+01 9.815934322718e-02
6.866866866867e+01 9.816819438202e-02
6.876876876877e+01 9.817700297437e-02
6.886886886887e+01 9.818576920889e-02
6.896896896897e+01 9.819449328927e-02
6.906906906907e+01 9.820317541823e-02
6.916916916917e+01 9.821181579748e-02
6.926926926927e+01 9.822041462780e-02
6.936936936937e+01 9.822897210897e-02
6.946946946947e+01 9.823748843983e-02
6.956956956957e+01 9.824596381827e-02
6.966966966967e+01 9.825439844121e-02
6.976976976977e+01 9.826279250463e-02
6.986986986987e+01 9.827114620357e-02
6.996996996997e+01 9.827945973213e-02
7.007007007007e+01 9.828773328347e-02
7.017017017017e+01 9.829596704984e-02
7.027027027027e+01 9.830416122255e-02
7.037037037037e+01 9.831231599199e-02
7.047047047047e+01 9.832043154764e-02
7.057057057057e+01 9.832850807807e-02
7.067067067067e+01 9.833654577094e-02
7.077077077077e+01 9.834454481300e-02
7.087087087087e+01 9.835250539012e-02
7.097097097097e+01 9.836042768726e-02
7.107107107107e+01 9.836831188850e-02
7.117117117117e+01 9.837615817703e-02
7.127127127127e+01 9.838396673516e-02
7.137137137137e+01 9.839173774433e-02
7.147147147147e+01 9.839947138509e-02
7.157157157157e+01 9.840716783714e-02
7.167167167167e+01 9.841482727931e-02
7.177177177177e+01 9.842244988957e-02
7.187187187187e+01 9.843003584503e-02
7.197197197197e+01 9.843758532195e-02
7.207207207207e+01 9.844509849575e-02
7.217217217217e+01 9.845257554100e-02
7.227227227227e+01 9.846001663142e-02
7.237237237237e+01 9.846742193992e-02
7.247247247247e+01 9.847479163856e-02
7.257257257257e+01 9.848212589857e-02
7.267267267267e+01 9.848942489038e-02
7.277277277277e+01 9.849668878357e-02
7.287287287287e+01 9.850391774691e-02
7.297297297297e+01 9.851111194839e-02
7.307307307307e+01 9.851827155516e-02
7.317317317317e+01 9.852539673357e-02
7.327327327327e+01 9.853248764917e-02
7.337337337337e+01 9.853954446674e-02
7.347347347347e+01 9.854656735023e-02
7.357357357357e+01 9.855355646282e-02
7.367367367367e+01 9.856051196691e-02
7.377377377377e+01 9.856743402411e-02
7.387387387387e+01 9.857432279526e-02
7.397397397397e+01 9.858117844042e-02
7.407407407407e+01 9.858800111888e-02
7.417417417417e+01 9.859479098916e-02
7.427427427427e+01 9.860154820904e-02
7.437437437437e+01 9.860827293552e-02
7.447447447447e+01 9.861496532485e-02
7.457457457457e+01 9.862162553252e-02
7.467467467467e+01 9.862825371330e-02
7.477477477477e+01 9.863485002119e-02
7.487487487487e+01 9.864141460945e-02
7.497497497497e+01 9.864794763061e-02
7.507507507508e+01 9.865444923648e-02
7.517517517518e+01 9.866091957811e-02
7.527527527528e+01 9.866735880585e-02
7.537537537538e+01 9.867376706932e-02
7.547547547548e+01 9.868014451741e-02
7.557557557558e+01 9.868649129831e-02
7.567567567568e+01 9.869280755948e-02
7.577577577578e+01 9.869909344768e-02
7.587587587588e+01 9.870534910898e-02
7.597597597598e+01 9.871157468871e-02
7.607607607608e+01 9.871777033153e-02
7.617617617618e+01 9.872393618141e-02
7.627627627628e+01 9.873007238160e-02
7.637637637638e+01 9.873617907469e-02
7.647647647648e+01 9.874225640255e-02
7.657657657658e+01 9.874830450641e-02
7.667667667668e+01 9.875432352679e-02
7.677677677678e+01 9.876031360354e-02
7.687687687688e+01 9.876627487585e-02
7.697697697698e+01 9.877220748222e-02
7.707707707708e+01 9.877811156051e-02
7.717717717718e+01 9.878398724789e-02
7.727727727728e+01 9.878983468089e-02
7.737737737738e+01 9.879565399538e-02
7.747747747748e+01 9.880144532656e-02
7.757757757758e+01 9.880720880901e-02
7.767767767768e+01 9.881294457663e-02
7.777777777778e+01 9.881865276270e-02
7.787787787788e+01 9.882433349986e-02
7.797797797798e+01 9.882998692008e-02
7.807807807808e+01 9.883561315475e-02
7.817817817818e+01 9.884121233457e-02
7.827827827828e+01 9.884678458965e-02
7.837837837838e+01 9.885233004946e-02
7.847847847848e+01 9.885784884285e-02
7.857857857858e+01 9.886334109806e-02
7.867867867868e+01 9.886880694269e-02
7.877877877878e+01 9.887424650375e-02
7.887887887888e+01 9.887965990762e-02
7.897897897898e+01 9.888504728009e-02
7.907907907908e+01 9.889040874634e-02
7.917917917918e+01 9.889574443094e-02
7.927927927928e+01 9.890105445787e-02
7.937937937938e+01 9.890633895050e-02
7.947947947948e+01 9.891159803162e-02
7.957957957958e+01 9.891683182344e-02
7.967967967968e+01 9.892204044755e-02
7.977977977978e+01 9.892722402498e-02
7.987987987988e+01 9.893238267618e-02
7.997997997998e+01 9.893751652100e-02
8.008008008008e+01 9.894262567873e-02
8.018018018018e+01 9.894771026809e-02
8.028028028028e+01 9.895277040722e-02
8.038038038038e+01 9.895780621368e-02
8.048048048048e+01 9.896281780450e-02
8.058058058058e+01 9.896780529611e-02
8.068068068068e+01 9.897276880440e-02
8.078078078078e+01 9.897770844469e-02
8.088088088088e+01 9.898262433177e-02
8.098098098098e+01 9.898751657986e-02
8.108108108108e+01 9.899238530262e-02
8.118118118118e+01 9.899723061318e-02
8.128128128128e+01 9.900205262413e-02
8.138138138138e+01 9.900685144750e-02
8.148148148148e+01 9.901162719480e-02
8.158158158158e+01 9.901637997700e-02
8.168168168168e+01 9.902110990452e-02
8.178178178178e+01 9.902581708727e-02
8.188188188188e+01 9.903050163462e-02
8.198198198198e+01 9.903516365541e-02
8.208208208208e+01 9.903980325797e-02
8.218218218218e+01 9.904442055011e-02
8.228228228228e+01 9.904901563910e-02
8.238238238238e+01 9.905358863171e-02
8.248248248248e+01 9.905813963420e-02
8.258258258258e+01 9.906266875232e-02
8.268268268268e+01 9.906717609129e-02
8.278278278278e+01 9.907166175585e-02
8.288288288288e+01 9.907612585023e-02
8.298298298298e+01 9.908056847814e-02
8.308308308308e+01 9.908498974281e-02
8.318318318318e+01 9.908938974697e-02
8.328328328328e+01 9.909376859287e-02
8.338338338338e+01 9.909812638223e-02
8.348348348348e+01 9.910246321632e-02
8.358358358358e+01 9.910677919590e-02
8.368368368368e+01 9.911107442125e-02
8.378378378378e+01 9.911534899219e-02
8.388388388388e+01 9.911960300802e-02
8.398398398398e+01 9.912383656759e-02
8.408408408408e+01 9.912804976926e-02
8.418418418418e+01 9.913224271095e-02
8.428428428428e+01 9.913641549006e-02
8.438438438438e+01 9.914056820355e-02
8.448448448448e+01 9.914470094791e-02
8.458458458458e+01 9.914881381917e-02
8.468468468468e+01 9.915290691290e-02
8.478478478478e+01 9.915698032418e-02
8.488488488488e+01 9.916103414769e-02
8.498498498498e+01 9.916506847759e-02
8.508508508509e+01 9.916908340764e-02
8.518518518519e+01 9.917307903112e-02
8.528528528529e+01 9.917705544087e-02
8.538538538539e+01 9.918101272928e-02
8.548548548549e+01 9.918495098830e-02
8.558558558559e+01 9.918887030944e-02
8.568568568569e+01 9.919277078377e-02
8.578578578579e+01 9.919665250191e-02
8.588588588589e+01 9.920051555405e-02
8.598598598599e+01 9.920436002996e-02
8.608608608609e+01 9.920818601897e-02
8.618618618619e+01 9.921199360996e-02
8.628628628629e+01 9.921578289142e-02
8.638638638639e+01 9.921955395138e-02
8.648648648649e+01 9.922330687746e-02
8.658658658659e+01 9.922704175688e-02
8.668668668669e+01 9.923075867640e-02
8.678678678679e+01 9.923445772240e-02
8.688688688689e+01 9.923813898081e-02
8.698698698699e+01 9.924180253718e-02
8.708708708709e+01 9.924544847663e-02
8.718718718719e+01 9.924907688388e-02
8.728728728729e+01 9.925268784322e-02
8.738738738739e+01 9.925628143857e-02
8.748748748749e+01 9.925985775341e-02
8.758758758759e+01 9.926341687086e-02
8.768768768769e+01 9.926695887359e-02
8.778778778779e+01 9.927048384392e-02
8.788788788789e+01 9.927399186375e-02
8.798798798799e+01 9.927748301459e-02
8.808808808809e+01 9.928095737755e-02
8.818818818819e+01 9.928441503336e-02
8.828828828829e+01 9.928785606236e-02
8.838838838839e+01 9.929128054451e-02
8.848848848849e+01 9.929468855937e-02
8.858858858859e+01 9.929808018613e-02
8.868868868869e+01 9.930145550360e-02
8.878878878879e+01 9.930481459020e-02
8.888888888889e+01 9.930815752398e-02
8.898898898899e+01 9.931148438262e-02
8.908908908909e+01 9.931479524341e-02
8.918918918919e+01 9.931809018328e-02
8.928928928929e+01 9.932136927880e-02
8.938938938939e+01 9.932463260615e-02
8.948948948949e+01 9.932788024116e-02
8.958958958959e+01 9.933111225929e-02
8.968968968969e+01 9.933432873563e-02
8.978978978979e+01 9.933752974492e-02
8.988988988989e+01 9.934071536154e-02
8.998998998999e+01 9.934388565950e-02
9.009009009009e+01 9.934704071248e-02
9.019019019019e+01 9.935018059376e-02
9.029029029029e+01 9.935330537632e-02
9.039039039039e+01 9.935641513276e-02
9.049049049049e+01 9.935950993533e-02
9.059059059059e+01 9.936258985594e-02
9.069069069069e+01 9.936565496616e-02
9.079079079079e+01 9.936870533720e-02
9.089089089089e+01 9.937174103994e-02
9.099099099099e+01 9.937476214492e-02
9.109109109109e+01 9.937776872232e-02
9.119119119119e+01 9.938076084202e-02
9.129129129129e+01 9.938373857353e-02
9.139139139139e+01 9.938670198604e-02
9.149149149149e+01 9.938965114841e-02
9.159159159159e+01 9.939258612915e-02
9.169169169169e+01 9.939550699648e-02
9.179179179179e+01 9.939841381825e-02
9.189189189189e+01 9.940130666200e-02
9.199199199199e+01 9.940418559495e-02
9.209209209209e+01 9.940705068399e-02
9.219219219219e+01 9.940990199570e-02
9.229229229229e+01 9.941273959633e-02
9.239239239239e+01 9.941556355180e-02
9.249249249249e+01 9.941837392773e-02
9.259259259259e+01 9.942117078943e-02
9.269269269269e+01 9.942395420187e-02
9.279279279279e+01 9.942672422974e-02
9.289289289289e+01 9.942948093739e-02
9.299299299299e+01 9.943222438888e-02
9.309309309309e+01 9.943495464795e-02
9.319319319319e+01 9.943767177804e-02
9.329329329329e+01 9.944037584228e-02
9.339339339339e+01 9.944306690351e-02
9.349349349349e+01 9.944574502424e-02
9.359359359359e+01 9.944841026672e-02
9.369369369369e+01 9.945106269286e-02
9.379379379379e+01 9.945370236429e-02
9.389389389389e+01 9.945632934235e-02
9.399399399399e+01 9.945894368808e-02
9.409409409409e+01 9.946154546222e-02
9.419419419419e+01 9.946413472523e-02
9.429429429429e+01 9.946671153726e-02
9.439439439439e+01 9.946927595819e-02
9.449449449449e+01 9.947182804761e-02
9.459459459459e+01 9.947436786481e-02
9.469469469469e+01 9.947689546881e-02
9.479479479479e+01 9.947941091833e-02
9.489489489489e+01 9.948191427183e-02
9.499499499499e+01 9.948440558746e-02
9.509509509510e+01 9.948688492313e-02
9.519519519520e+01 9.948935233642e-02
9.529529529530e+01 9.949180788469e-02
9.539539539540e+01 9.949425162497e-02
9.549549549550e+01 9.949668361405e-02
9.559559559560e+01 9.949910390844e-02
9.569569569570e+01 9.950151256438e-02
9.579579579580e+01 9.950390963783e-02
9.589589589590e+01 9.950629518449e-02
9.599599599600e+01 9.950866925978e-02
9.609609609610e+01 9.951103191887e-02
9.619619619620e+01 9.951338321666e-02
9.629629629630e+01 9.951572320777e-02
9.639639639640e+01 9.951805194659e-02
9.649649649650e+01 9.952036948721e-02
9.659659659660e+01 9.952267588349e-02
9.669669669670e+01 9.952497118902e-02
9.679679679680e+01 9.952725545713e-02
9.689689689690e+01 9.952952874089e-02
9.699699699700e+01 9.953179109312e-02
9.709709709710e+01 9.953404256639e-02
9.719719719720e+01 9.953628321302e-02
9.729729729730e+01 9.953851308507e-02
9.739739739740e+01 9.954073223434e-02
9.749749749750e+01 9.954294071241e-02
9.759759759760e+01 9.954513857058e-02
9.769769769770e+01 9.954732585992e-02
9.779779779780e+01 9.954950263126e-02
9.789789789790e+01 9.955166893517e-02
9.799799799800e+01 9.955382482199e-02
9.809809809810e+01 9.955597034180e-02
9.819819819820e+01 9.955810554448e-02
9.829829829830e+01 9.956023047961e-02
9.839839839840e+01 9.956234519658e-02
9.849849849850e+01 9.956444974453e-02
9.859859859860e+01 9.956654417235e-02
9.869869869870e+01 9.956862852871e-02
9.879879879880e+01 9.957070286203e-02
9.889889889890e+01 9.957276722053e-02
9.899899899900e+01 9.957482165215e-02
9.909909909910e+01 9.957686620464e-02
9.919919919920e+01 9.957890092551e-02
9.929929929930e+01 9.958092586202e-02
9.939939939940e+01 9.958294106124e-02
9.949949949950e+01 9.958494656998e-02
9.959959959960e+01 9.958694243484e-02
9.969969969970e+01 9.958892870220e-02
9.979979979980e+01 9.959090541820e-02
9.989989989990e+01 9.959287262879e-02
1.000000000000e+02 9.959483037966e-02
